Aux out [V]	Aux in [V]	Aux out [V]	PDH out [a.u.]
1.0798E-1	5.7935E-1	1.0798E-1	1.8400E+3
1.0810E-1	5.7617E-1	1.0810E-1	1.8150E+3
1.0822E-1	5.7861E-1	1.0822E-1	1.4450E+3
1.0822E-1	5.7886E-1	1.0822E-1	1.5970E+3
1.0834E-1	5.7861E-1	1.0834E-1	2.3860E+3
1.0847E-1	5.7495E-1	1.0847E-1	1.5210E+3
1.0847E-1	5.7861E-1	1.0847E-1	1.6640E+3
1.0859E-1	5.7617E-1	1.0859E-1	1.9290E+3
1.0871E-1	5.7666E-1	1.0871E-1	2.1880E+3
1.0871E-1	5.7520E-1	1.0871E-1	2.1300E+3
1.0883E-1	5.7617E-1	1.0883E-1	1.7600E+3
1.0895E-1	5.7544E-1	1.0895E-1	1.7440E+3
1.0908E-1	5.7373E-1	1.0908E-1	1.4840E+3
1.0908E-1	5.7373E-1	1.0908E-1	2.1900E+3
1.0920E-1	5.7422E-1	1.0920E-1	1.8840E+3
1.0932E-1	5.7275E-1	1.0932E-1	1.7780E+3
1.0932E-1	5.7275E-1	1.0932E-1	2.0330E+3
1.0944E-1	5.7275E-1	1.0944E-1	1.3400E+3
1.0956E-1	5.7446E-1	1.0956E-1	1.5410E+3
1.0969E-1	5.7080E-1	1.0969E-1	1.7860E+3
1.0969E-1	5.7129E-1	1.0969E-1	1.8510E+3
1.0981E-1	5.7104E-1	1.0981E-1	1.2510E+3
1.0993E-1	5.6836E-1	1.0993E-1	1.6910E+3
1.0993E-1	5.6934E-1	1.0993E-1	1.5330E+3
1.1005E-1	5.6909E-1	1.1005E-1	1.7110E+3
1.1018E-1	5.6934E-1	1.1018E-1	1.2470E+3
1.1030E-1	5.6982E-1	1.1030E-1	1.5820E+3
1.1030E-1	5.6641E-1	1.1030E-1	2.0570E+3
1.1042E-1	5.6836E-1	1.1042E-1	1.2610E+3
1.1054E-1	5.6812E-1	1.1054E-1	1.9570E+3
1.1054E-1	5.6763E-1	1.1054E-1	1.9010E+3
1.1066E-1	5.6763E-1	1.1066E-1	1.7690E+3
1.1079E-1	5.6714E-1	1.1079E-1	1.0120E+3
1.1079E-1	5.6665E-1	1.1079E-1	1.4210E+3
1.1091E-1	5.6396E-1	1.1091E-1	1.6960E+3
1.1103E-1	5.6714E-1	1.1103E-1	1.5440E+3
1.1115E-1	5.6567E-1	1.1115E-1	2.1300E+3
1.1115E-1	5.6494E-1	1.1115E-1	1.6330E+3
1.1127E-1	5.6372E-1	1.1127E-1	1.5200E+3
1.1140E-1	5.6128E-1	1.1140E-1	2.3280E+3
1.1140E-1	5.6201E-1	1.1140E-1	2.2150E+3
1.1152E-1	5.6274E-1	1.1152E-1	1.3230E+3
1.1164E-1	5.6006E-1	1.1164E-1	1.5420E+3
1.1176E-1	5.5933E-1	1.1176E-1	1.3580E+3
1.1176E-1	5.6030E-1	1.1176E-1	1.3000E+3
1.1188E-1	5.6030E-1	1.1188E-1	1.2300E+3
1.1201E-1	5.5908E-1	1.1201E-1	1.6250E+3
1.1201E-1	5.5859E-1	1.1201E-1	1.7000E+3
1.1213E-1	5.5615E-1	1.1213E-1	1.6310E+3
1.1225E-1	5.5859E-1	1.1225E-1	1.3130E+3
1.1225E-1	5.5737E-1	1.1225E-1	1.6250E+3
1.1237E-1	5.5811E-1	1.1237E-1	2.2830E+3
1.1249E-1	5.5811E-1	1.1249E-1	1.2380E+3
1.1262E-1	5.5811E-1	1.1262E-1	9.9600E+2
1.1262E-1	5.5713E-1	1.1262E-1	1.3080E+3
1.1274E-1	5.5542E-1	1.1274E-1	1.2220E+3
1.1286E-1	5.5591E-1	1.1286E-1	1.6510E+3
1.1286E-1	5.5566E-1	1.1286E-1	1.7980E+3
1.1298E-1	5.5664E-1	1.1298E-1	1.4450E+3
1.1311E-1	5.5615E-1	1.1311E-1	1.4560E+3
1.1323E-1	5.5249E-1	1.1323E-1	1.9730E+3
1.1323E-1	5.5347E-1	1.1323E-1	1.3700E+3
1.1335E-1	5.5396E-1	1.1335E-1	1.1960E+3
1.1347E-1	5.5151E-1	1.1347E-1	2.2800E+3
1.1347E-1	5.5225E-1	1.1347E-1	2.4940E+3
1.1359E-1	5.5078E-1	1.1359E-1	1.3160E+3
1.1372E-1	5.5029E-1	1.1372E-1	1.0160E+3
1.1384E-1	5.5029E-1	1.1384E-1	1.9020E+3
1.1384E-1	5.5103E-1	1.1384E-1	1.4870E+3
1.1396E-1	5.4956E-1	1.1396E-1	1.5030E+3
1.1408E-1	5.4907E-1	1.1408E-1	8.9000E+2
1.1408E-1	5.4956E-1	1.1408E-1	1.3840E+3
1.1420E-1	5.4761E-1	1.1420E-1	1.4560E+3
1.1433E-1	5.4736E-1	1.1433E-1	1.6640E+3
1.1433E-1	5.4565E-1	1.1433E-1	1.2270E+3
1.1445E-1	5.4614E-1	1.1445E-1	1.3920E+3
1.1457E-1	5.4688E-1	1.1457E-1	1.2890E+3
1.1469E-1	5.4614E-1	1.1469E-1	1.4050E+3
1.1469E-1	5.4663E-1	1.1469E-1	9.9400E+2
1.1481E-1	5.4761E-1	1.1481E-1	1.5330E+3
1.1494E-1	5.4614E-1	1.1494E-1	1.0220E+3
1.1494E-1	5.4443E-1	1.1494E-1	2.0240E+3
1.1506E-1	5.4517E-1	1.1506E-1	1.5310E+3
1.1518E-1	5.4321E-1	1.1518E-1	2.0860E+3
1.1518E-1	5.4346E-1	1.1518E-1	2.2240E+3
1.1530E-1	5.4297E-1	1.1530E-1	1.8170E+3
1.1542E-1	5.4175E-1	1.1542E-1	1.5210E+3
1.1555E-1	5.4175E-1	1.1555E-1	1.8600E+3
1.1555E-1	5.4297E-1	1.1555E-1	1.8570E+3
1.1567E-1	5.3931E-1	1.1567E-1	2.1900E+3
1.1579E-1	5.4053E-1	1.1579E-1	1.5380E+3
1.1579E-1	5.4102E-1	1.1579E-1	1.9440E+3
1.1591E-1	5.3833E-1	1.1591E-1	1.9950E+3
1.1603E-1	5.4077E-1	1.1603E-1	1.7090E+3
1.1616E-1	5.3857E-1	1.1616E-1	1.5350E+3
1.1616E-1	5.3857E-1	1.1616E-1	1.5560E+3
1.1628E-1	5.3662E-1	1.1628E-1	1.8680E+3
1.1640E-1	5.3906E-1	1.1640E-1	1.2160E+3
1.1640E-1	5.3833E-1	1.1640E-1	1.6250E+3
1.1652E-1	5.3735E-1	1.1652E-1	1.4810E+3
1.1665E-1	5.3540E-1	1.1665E-1	1.5200E+3
1.1665E-1	5.3564E-1	1.1665E-1	1.8310E+3
1.1677E-1	5.3540E-1	1.1677E-1	1.3070E+3
1.1689E-1	5.3467E-1	1.1689E-1	1.6140E+3
1.1701E-1	5.3369E-1	1.1701E-1	1.3030E+3
1.1701E-1	5.3491E-1	1.1701E-1	1.1380E+3
1.1713E-1	5.3516E-1	1.1713E-1	2.0300E+3
1.1726E-1	5.3296E-1	1.1726E-1	1.2890E+3
1.1726E-1	5.3418E-1	1.1726E-1	1.8860E+3
1.1738E-1	5.3174E-1	1.1738E-1	1.6330E+3
1.1750E-1	5.3149E-1	1.1750E-1	1.6960E+3
1.1762E-1	5.3223E-1	1.1762E-1	1.7290E+3
1.1762E-1	5.3223E-1	1.1762E-1	1.8380E+3
1.1774E-1	5.3052E-1	1.1774E-1	1.8730E+3
1.1787E-1	5.3027E-1	1.1787E-1	2.1300E+3
1.1787E-1	5.3101E-1	1.1787E-1	1.8590E+3
1.1799E-1	5.3003E-1	1.1799E-1	2.1740E+3
1.1811E-1	5.2930E-1	1.1811E-1	1.4590E+3
1.1811E-1	5.3027E-1	1.1811E-1	1.4000E+3
1.1823E-1	5.2734E-1	1.1823E-1	1.6850E+3
1.1835E-1	5.3003E-1	1.1835E-1	1.8510E+3
1.1848E-1	5.2710E-1	1.1848E-1	1.3960E+3
1.1848E-1	5.2710E-1	1.1848E-1	1.5090E+3
1.1860E-1	5.2808E-1	1.1860E-1	2.3230E+3
1.1872E-1	5.2661E-1	1.1872E-1	1.7580E+3
1.1872E-1	5.2515E-1	1.1872E-1	1.0170E+3
1.1884E-1	5.2710E-1	1.1884E-1	1.6220E+3
1.1896E-1	5.2393E-1	1.1896E-1	1.7710E+3
1.1909E-1	5.2466E-1	1.1909E-1	1.7340E+3
1.1909E-1	5.2612E-1	1.1909E-1	1.2810E+3
1.1921E-1	5.2417E-1	1.1921E-1	1.6740E+3
1.1933E-1	5.2417E-1	1.1933E-1	1.6070E+3
1.1933E-1	5.2148E-1	1.1933E-1	1.1770E+3
1.1945E-1	5.2173E-1	1.1945E-1	1.4000E+3
1.1958E-1	5.2368E-1	1.1958E-1	1.3690E+3
1.1970E-1	5.2197E-1	1.1970E-1	1.7150E+3
1.1970E-1	5.2026E-1	1.1970E-1	1.7710E+3
1.1982E-1	5.2075E-1	1.1982E-1	1.4250E+3
1.1994E-1	5.2173E-1	1.1994E-1	1.5750E+3
1.1994E-1	5.1904E-1	1.1994E-1	2.0840E+3
1.2006E-1	5.1855E-1	1.2006E-1	1.4380E+3
1.2019E-1	5.1904E-1	1.2019E-1	1.4100E+3
1.2019E-1	5.1929E-1	1.2019E-1	1.9910E+3
1.2031E-1	5.1831E-1	1.2031E-1	1.1050E+3
1.2043E-1	5.1953E-1	1.2043E-1	1.6020E+3
1.2055E-1	5.1953E-1	1.2055E-1	1.4340E+3
1.2055E-1	5.1807E-1	1.2055E-1	1.8160E+3
1.2067E-1	5.1758E-1	1.2067E-1	1.0410E+3
1.2080E-1	5.1636E-1	1.2080E-1	1.2720E+3
1.2080E-1	5.1587E-1	1.2080E-1	1.1850E+3
1.2092E-1	5.1538E-1	1.2092E-1	1.0410E+3
1.2104E-1	5.1611E-1	1.2104E-1	1.7950E+3
1.2104E-1	5.1636E-1	1.2104E-1	2.2640E+3
1.2116E-1	5.1416E-1	1.2116E-1	2.1240E+3
1.2128E-1	5.1270E-1	1.2128E-1	1.5090E+3
1.2141E-1	5.1465E-1	1.2141E-1	1.5330E+3
1.2141E-1	5.1367E-1	1.2141E-1	1.0830E+3
1.2153E-1	5.1147E-1	1.2153E-1	1.5920E+3
1.2165E-1	5.1294E-1	1.2165E-1	2.1290E+3
1.2165E-1	5.1343E-1	1.2165E-1	1.3100E+3
1.2177E-1	5.1123E-1	1.2177E-1	1.2740E+3
1.2189E-1	5.1245E-1	1.2189E-1	1.2700E+3
1.2202E-1	5.1196E-1	1.2202E-1	1.5140E+3
1.2202E-1	5.0879E-1	1.2202E-1	1.6070E+3
1.2214E-1	5.1025E-1	1.2214E-1	1.2870E+3
1.2226E-1	5.1172E-1	1.2226E-1	1.3180E+3
1.2226E-1	5.0830E-1	1.2226E-1	1.7530E+3
1.2238E-1	5.0903E-1	1.2238E-1	1.6170E+3
1.2251E-1	5.0879E-1	1.2251E-1	1.6200E+3
1.2251E-1	5.0757E-1	1.2251E-1	1.5450E+3
1.2263E-1	5.0928E-1	1.2263E-1	1.8400E+3
1.2275E-1	5.0757E-1	1.2275E-1	1.5000E+3
1.2287E-1	5.0586E-1	1.2287E-1	1.3500E+3
1.2287E-1	5.0806E-1	1.2287E-1	1.9020E+3
1.2299E-1	5.0635E-1	1.2299E-1	1.6870E+3
1.2312E-1	5.0757E-1	1.2312E-1	1.7400E+3
1.2312E-1	5.0537E-1	1.2312E-1	1.6220E+3
1.2324E-1	5.0488E-1	1.2324E-1	1.0790E+3
1.2336E-1	5.0342E-1	1.2336E-1	1.7560E+3
1.2348E-1	5.0488E-1	1.2348E-1	1.0300E+3
1.2348E-1	5.0537E-1	1.2348E-1	1.4090E+3
1.2360E-1	5.0391E-1	1.2360E-1	1.3790E+3
1.2373E-1	5.0488E-1	1.2373E-1	1.0210E+3
1.2373E-1	5.0244E-1	1.2373E-1	1.4940E+3
1.2385E-1	5.0073E-1	1.2385E-1	1.7380E+3
1.2397E-1	5.0244E-1	1.2397E-1	1.8050E+3
1.2397E-1	5.0195E-1	1.2397E-1	1.8600E+3
1.2409E-1	5.0098E-1	1.2409E-1	1.5050E+3
1.2421E-1	5.0317E-1	1.2421E-1	7.7100E+2
1.2434E-1	5.0073E-1	1.2434E-1	1.6800E+3
1.2434E-1	4.9927E-1	1.2434E-1	1.8510E+3
1.2446E-1	5.0024E-1	1.2446E-1	1.3940E+3
1.2458E-1	4.9902E-1	1.2458E-1	1.6420E+3
1.2458E-1	4.9756E-1	1.2458E-1	1.7030E+3
1.2470E-1	5.0000E-1	1.2470E-1	2.2470E+3
1.2482E-1	4.9878E-1	1.2482E-1	1.6650E+3
1.2495E-1	4.9805E-1	1.2495E-1	1.3210E+3
1.2495E-1	4.9780E-1	1.2495E-1	1.4630E+3
1.2507E-1	4.9902E-1	1.2507E-1	1.3560E+3
1.2519E-1	4.9658E-1	1.2519E-1	1.7180E+3
1.2519E-1	4.9634E-1	1.2519E-1	1.6250E+3
1.2531E-1	4.9536E-1	1.2531E-1	1.8510E+3
1.2543E-1	4.9658E-1	1.2543E-1	1.0560E+3
1.2556E-1	4.9438E-1	1.2556E-1	1.7850E+3
1.2556E-1	4.9341E-1	1.2556E-1	1.4140E+3
1.2568E-1	4.9463E-1	1.2568E-1	1.4030E+3
1.2580E-1	4.9561E-1	1.2580E-1	1.3100E+3
1.2580E-1	4.9243E-1	1.2580E-1	1.3490E+3
1.2592E-1	4.9243E-1	1.2592E-1	1.2350E+3
1.2605E-1	4.9365E-1	1.2605E-1	1.4250E+3
1.2605E-1	4.9341E-1	1.2605E-1	1.4940E+3
1.2617E-1	4.9194E-1	1.2617E-1	2.0640E+3
1.2629E-1	4.9341E-1	1.2629E-1	1.3630E+3
1.2641E-1	4.9243E-1	1.2641E-1	1.0660E+3
1.2641E-1	4.9219E-1	1.2641E-1	1.7380E+3
1.2653E-1	4.9243E-1	1.2653E-1	1.7230E+3
1.2666E-1	4.9023E-1	1.2666E-1	7.7000E+2
1.2666E-1	4.9268E-1	1.2666E-1	1.3270E+3
1.2678E-1	4.9146E-1	1.2678E-1	1.3670E+3
1.2690E-1	4.8999E-1	1.2690E-1	1.1320E+3
1.2690E-1	4.8999E-1	1.2690E-1	2.0620E+3
1.2702E-1	4.8877E-1	1.2702E-1	1.7270E+3
1.2714E-1	4.8755E-1	1.2714E-1	1.3000E+3
1.2727E-1	4.8877E-1	1.2727E-1	1.4420E+3
1.2727E-1	4.8853E-1	1.2727E-1	1.4000E+3
1.2739E-1	4.8608E-1	1.2739E-1	1.2560E+3
1.2751E-1	4.8755E-1	1.2751E-1	1.3670E+3
1.2751E-1	4.8560E-1	1.2751E-1	1.6800E+3
1.2763E-1	4.8584E-1	1.2763E-1	1.2320E+3
1.2775E-1	4.8657E-1	1.2775E-1	1.9820E+3
1.2788E-1	4.8438E-1	1.2788E-1	1.2900E+3
1.2788E-1	4.8511E-1	1.2788E-1	1.1050E+3
1.2800E-1	4.8535E-1	1.2800E-1	1.7940E+3
1.2812E-1	4.8462E-1	1.2812E-1	1.3450E+3
1.2812E-1	4.8462E-1	1.2812E-1	1.3250E+3
1.2824E-1	4.8486E-1	1.2824E-1	1.8200E+3
1.2836E-1	4.8340E-1	1.2836E-1	1.2830E+3
1.2836E-1	4.8267E-1	1.2836E-1	1.9070E+3
1.2849E-1	4.8364E-1	1.2849E-1	1.5340E+3
1.2861E-1	4.8315E-1	1.2861E-1	1.2100E+3
1.2873E-1	4.8267E-1	1.2873E-1	9.6100E+2
1.2873E-1	4.8218E-1	1.2873E-1	2.0530E+3
1.2885E-1	4.8169E-1	1.2885E-1	1.9510E+3
1.2898E-1	4.8047E-1	1.2898E-1	9.2800E+2
1.2898E-1	4.8120E-1	1.2898E-1	1.8290E+3
1.2910E-1	4.8022E-1	1.2910E-1	1.3280E+3
1.2922E-1	4.7925E-1	1.2922E-1	1.8240E+3
1.2934E-1	4.8071E-1	1.2934E-1	2.1610E+3
1.2934E-1	4.7827E-1	1.2934E-1	1.8490E+3
1.2946E-1	4.7827E-1	1.2946E-1	1.3940E+3
1.2959E-1	4.8096E-1	1.2959E-1	1.2990E+3
1.2959E-1	4.7925E-1	1.2959E-1	1.9110E+3
1.2971E-1	4.7729E-1	1.2971E-1	1.5490E+3
1.2983E-1	4.7827E-1	1.2983E-1	1.5360E+3
1.2995E-1	4.7705E-1	1.2995E-1	2.1350E+3
1.2995E-1	4.7656E-1	1.2995E-1	1.5710E+3
1.3007E-1	4.7876E-1	1.3007E-1	1.5670E+3
1.3020E-1	4.7656E-1	1.3020E-1	1.0920E+3
1.3020E-1	4.7852E-1	1.3020E-1	1.0770E+3
1.3032E-1	4.7803E-1	1.3032E-1	1.6580E+3
1.3044E-1	4.7827E-1	1.3044E-1	1.4090E+3
1.3044E-1	4.7632E-1	1.3044E-1	1.0610E+3
1.3056E-1	4.7461E-1	1.3056E-1	1.3870E+3
1.3068E-1	4.7510E-1	1.3068E-1	1.9660E+3
1.3081E-1	4.7510E-1	1.3081E-1	1.1770E+3
1.3081E-1	4.7437E-1	1.3081E-1	1.3780E+3
1.3093E-1	4.7339E-1	1.3093E-1	1.5580E+3
1.3105E-1	4.7437E-1	1.3105E-1	1.5130E+3
1.3105E-1	4.7412E-1	1.3105E-1	1.9800E+3
1.3117E-1	4.7363E-1	1.3117E-1	1.6060E+3
1.3129E-1	4.7339E-1	1.3129E-1	1.5380E+3
1.3142E-1	4.7217E-1	1.3142E-1	1.6910E+3
1.3142E-1	4.7168E-1	1.3142E-1	1.5240E+3
1.3154E-1	4.7388E-1	1.3154E-1	1.9710E+3
1.3166E-1	4.7241E-1	1.3166E-1	1.4850E+3
1.3166E-1	4.7070E-1	1.3166E-1	1.3790E+3
1.3178E-1	4.7241E-1	1.3178E-1	1.5600E+3
1.3191E-1	4.7241E-1	1.3191E-1	1.7070E+3
1.3191E-1	4.7217E-1	1.3191E-1	1.5740E+3
1.3203E-1	4.7241E-1	1.3203E-1	2.2410E+3
1.3215E-1	4.7070E-1	1.3215E-1	1.3930E+3
1.3227E-1	4.7119E-1	1.3227E-1	1.1900E+3
1.3227E-1	4.6997E-1	1.3227E-1	1.6090E+3
1.3239E-1	4.6948E-1	1.3239E-1	7.3300E+2
1.3252E-1	4.6899E-1	1.3252E-1	1.4400E+3
1.3252E-1	4.6851E-1	1.3252E-1	1.2720E+3
1.3264E-1	4.6875E-1	1.3264E-1	1.9940E+3
1.3276E-1	4.6899E-1	1.3276E-1	1.2590E+3
1.3276E-1	4.6948E-1	1.3276E-1	1.4180E+3
1.3288E-1	4.6826E-1	1.3288E-1	1.4430E+3
1.3300E-1	4.6802E-1	1.3300E-1	1.7000E+3
1.3313E-1	4.6826E-1	1.3313E-1	1.5560E+3
1.3313E-1	4.6777E-1	1.3313E-1	1.3670E+3
1.3325E-1	4.6704E-1	1.3325E-1	1.6220E+3
1.3337E-1	4.6729E-1	1.3337E-1	1.4710E+3
1.3337E-1	4.6655E-1	1.3337E-1	5.8900E+2
1.3349E-1	4.6680E-1	1.3349E-1	1.2590E+3
1.3361E-1	4.6680E-1	1.3361E-1	1.8960E+3
1.3374E-1	4.6582E-1	1.3374E-1	1.5110E+3
1.3374E-1	4.6509E-1	1.3374E-1	1.5430E+3
1.3386E-1	4.6680E-1	1.3386E-1	9.7500E+2
1.3398E-1	4.6558E-1	1.3398E-1	1.2300E+3
1.3398E-1	4.6509E-1	1.3398E-1	1.5000E+3
1.3410E-1	4.6436E-1	1.3410E-1	1.5940E+3
1.3422E-1	4.6460E-1	1.3422E-1	1.1320E+3
1.3422E-1	4.6436E-1	1.3422E-1	1.4360E+3
1.3435E-1	4.6533E-1	1.3435E-1	1.2400E+3
1.3447E-1	4.6338E-1	1.3447E-1	9.5900E+2
1.3459E-1	4.6240E-1	1.3459E-1	1.0880E+3
1.3459E-1	4.6338E-1	1.3459E-1	1.3230E+3
1.3471E-1	4.6240E-1	1.3471E-1	9.4600E+2
1.3483E-1	4.6362E-1	1.3483E-1	1.7510E+3
1.3483E-1	4.6216E-1	1.3483E-1	2.0170E+3
1.3496E-1	4.5972E-1	1.3496E-1	1.4590E+3
1.3508E-1	4.6191E-1	1.3508E-1	3.4500E+2
1.3520E-1	4.6118E-1	1.3520E-1	1.0010E+3
1.3520E-1	4.5972E-1	1.3520E-1	1.0880E+3
1.3532E-1	4.6118E-1	1.3532E-1	9.7700E+2
1.3545E-1	4.6045E-1	1.3545E-1	2.0040E+3
1.3545E-1	4.6069E-1	1.3545E-1	1.4180E+3
1.3557E-1	4.6118E-1	1.3557E-1	1.0900E+3
1.3569E-1	4.6143E-1	1.3569E-1	1.0550E+3
1.3581E-1	4.5972E-1	1.3581E-1	1.2680E+3
1.3581E-1	4.6021E-1	1.3581E-1	1.4010E+3
1.3593E-1	4.5947E-1	1.3593E-1	9.4900E+2
1.3606E-1	4.5923E-1	1.3606E-1	1.0370E+3
1.3606E-1	4.6069E-1	1.3606E-1	1.1970E+3
1.3618E-1	4.5850E-1	1.3618E-1	1.6850E+3
1.3630E-1	4.5679E-1	1.3630E-1	1.6710E+3
1.3630E-1	4.5776E-1	1.3630E-1	1.0590E+3
1.3642E-1	4.5898E-1	1.3642E-1	1.4150E+3
1.3654E-1	4.5850E-1	1.3654E-1	1.3740E+3
1.3667E-1	4.5972E-1	1.3667E-1	1.0870E+3
1.3667E-1	4.5776E-1	1.3667E-1	7.1100E+2
1.3679E-1	4.5654E-1	1.3679E-1	9.3400E+2
1.3691E-1	4.5703E-1	1.3691E-1	1.6250E+3
1.3691E-1	4.5728E-1	1.3691E-1	9.7200E+2
1.3703E-1	4.5703E-1	1.3703E-1	1.4600E+3
1.3715E-1	4.5728E-1	1.3715E-1	1.6760E+3
1.3728E-1	4.5605E-1	1.3728E-1	1.4180E+3
1.3728E-1	4.5483E-1	1.3728E-1	1.6830E+3
1.3740E-1	4.5581E-1	1.3740E-1	1.0480E+3
1.3752E-1	4.5557E-1	1.3752E-1	1.3980E+3
1.3752E-1	4.5459E-1	1.3752E-1	1.0550E+3
1.3764E-1	4.5435E-1	1.3764E-1	2.0640E+3
1.3776E-1	4.5361E-1	1.3776E-1	1.4840E+3
1.3776E-1	4.5337E-1	1.3776E-1	1.8720E+3
1.3789E-1	4.5483E-1	1.3789E-1	1.3830E+3
1.3801E-1	4.5581E-1	1.3801E-1	1.4800E+3
1.3813E-1	4.5459E-1	1.3813E-1	1.3980E+3
1.3813E-1	4.5361E-1	1.3813E-1	1.3770E+3
1.3825E-1	4.5313E-1	1.3825E-1	1.1390E+3
1.3838E-1	4.5483E-1	1.3838E-1	9.4400E+2
1.3838E-1	4.5386E-1	1.3838E-1	1.1770E+3
1.3850E-1	4.5410E-1	1.3850E-1	1.8240E+3
1.3862E-1	4.5288E-1	1.3862E-1	1.0410E+3
1.3862E-1	4.5386E-1	1.3862E-1	1.1370E+3
1.3874E-1	4.5215E-1	1.3874E-1	1.2720E+3
1.3886E-1	4.5264E-1	1.3886E-1	7.2200E+2
1.3899E-1	4.5215E-1	1.3899E-1	1.7290E+3
1.3899E-1	4.5142E-1	1.3899E-1	1.2790E+3
1.3911E-1	4.5093E-1	1.3911E-1	1.2170E+3
1.3923E-1	4.5239E-1	1.3923E-1	1.1680E+3
1.3923E-1	4.5264E-1	1.3923E-1	1.2490E+3
1.3935E-1	4.5044E-1	1.3935E-1	7.4200E+2
1.3947E-1	4.5020E-1	1.3947E-1	1.0480E+3
1.3960E-1	4.5215E-1	1.3960E-1	9.7200E+2
1.3960E-1	4.5044E-1	1.3960E-1	1.1370E+3
1.3972E-1	4.5239E-1	1.3972E-1	1.6960E+3
1.3984E-1	4.4946E-1	1.3984E-1	1.4610E+3
1.3984E-1	4.4897E-1	1.3984E-1	1.0760E+3
1.3996E-1	4.5068E-1	1.3996E-1	1.2560E+3
1.4008E-1	4.4751E-1	1.4008E-1	1.5520E+3
1.4008E-1	4.4897E-1	1.4008E-1	9.9500E+2
1.4021E-1	4.5117E-1	1.4021E-1	1.0550E+3
1.4033E-1	4.4922E-1	1.4033E-1	1.5270E+3
1.4045E-1	4.4946E-1	1.4045E-1	1.4310E+3
1.4045E-1	4.4824E-1	1.4045E-1	1.1900E+3
1.4057E-1	4.4873E-1	1.4057E-1	1.1640E+3
1.4069E-1	4.4775E-1	1.4069E-1	1.7650E+3
1.4069E-1	4.4849E-1	1.4069E-1	1.0990E+3
1.4082E-1	4.4873E-1	1.4082E-1	1.3450E+3
1.4094E-1	4.4897E-1	1.4094E-1	1.2770E+3
1.4106E-1	4.4775E-1	1.4106E-1	1.6140E+3
1.4106E-1	4.4775E-1	1.4106E-1	1.5690E+3
1.4118E-1	4.4629E-1	1.4118E-1	1.1900E+3
1.4131E-1	4.4824E-1	1.4131E-1	1.4320E+3
1.4131E-1	4.4556E-1	1.4131E-1	1.2490E+3
1.4143E-1	4.4629E-1	1.4143E-1	1.2410E+3
1.4155E-1	4.4946E-1	1.4155E-1	9.4800E+2
1.4167E-1	4.4751E-1	1.4167E-1	4.6000E+2
1.4167E-1	4.4727E-1	1.4167E-1	1.5180E+3
1.4179E-1	4.4604E-1	1.4179E-1	1.4830E+3
1.4192E-1	4.4629E-1	1.4192E-1	1.1520E+3
1.4192E-1	4.4727E-1	1.4192E-1	6.8700E+2
1.4204E-1	4.4751E-1	1.4204E-1	1.0290E+3
1.4216E-1	4.4604E-1	1.4216E-1	1.2030E+3
1.4216E-1	4.4629E-1	1.4216E-1	1.2300E+3
1.4228E-1	4.4531E-1	1.4228E-1	9.3500E+2
1.4240E-1	4.4458E-1	1.4240E-1	1.0320E+3
1.4253E-1	4.4678E-1	1.4253E-1	1.5740E+3
1.4253E-1	4.4531E-1	1.4253E-1	1.1520E+3
1.4265E-1	4.4287E-1	1.4265E-1	1.1610E+3
1.4277E-1	4.4604E-1	1.4277E-1	1.5050E+3
1.4277E-1	4.4604E-1	1.4277E-1	1.0370E+3
1.4289E-1	4.4287E-1	1.4289E-1	1.4080E+3
1.4301E-1	4.4458E-1	1.4301E-1	6.8400E+2
1.4314E-1	4.4409E-1	1.4314E-1	6.2700E+2
1.4314E-1	4.4385E-1	1.4314E-1	8.4600E+2
1.4326E-1	4.4482E-1	1.4326E-1	8.0500E+2
1.4338E-1	4.4458E-1	1.4338E-1	9.0200E+2
1.4338E-1	4.4409E-1	1.4338E-1	4.3200E+2
1.4350E-1	4.4458E-1	1.4350E-1	1.0770E+3
1.4362E-1	4.4263E-1	1.4362E-1	1.7200E+3
1.4362E-1	4.4409E-1	1.4362E-1	1.4250E+3
1.4375E-1	4.4336E-1	1.4375E-1	7.8700E+2
1.4387E-1	4.4482E-1	1.4387E-1	1.2300E+3
1.4399E-1	4.4385E-1	1.4399E-1	8.0900E+2
1.4399E-1	4.4336E-1	1.4399E-1	1.5090E+3
1.4411E-1	4.4482E-1	1.4411E-1	8.1300E+2
1.4423E-1	4.4360E-1	1.4423E-1	1.4940E+3
1.4423E-1	4.4458E-1	1.4423E-1	8.3600E+2
1.4436E-1	4.4458E-1	1.4436E-1	8.3000E+2
1.4448E-1	4.4312E-1	1.4448E-1	7.6600E+2
1.4448E-1	4.4434E-1	1.4448E-1	1.2500E+3
1.4460E-1	4.4214E-1	1.4460E-1	1.3670E+3
1.4472E-1	4.4409E-1	1.4472E-1	7.9000E+2
1.4485E-1	4.4238E-1	1.4485E-1	1.7210E+3
1.4485E-1	4.4238E-1	1.4485E-1	8.6600E+2
1.4497E-1	4.4238E-1	1.4497E-1	1.0970E+3
1.4509E-1	4.4214E-1	1.4509E-1	8.3100E+2
1.4509E-1	4.4263E-1	1.4509E-1	1.0660E+3
1.4521E-1	4.4238E-1	1.4521E-1	1.2260E+3
1.4533E-1	4.4312E-1	1.4533E-1	1.0680E+3
1.4546E-1	4.4043E-1	1.4546E-1	4.7800E+2
1.4546E-1	4.4312E-1	1.4546E-1	1.3720E+3
1.4558E-1	4.4336E-1	1.4558E-1	6.3800E+2
1.4570E-1	4.4189E-1	1.4570E-1	1.5030E+3
1.4570E-1	4.4287E-1	1.4570E-1	9.2400E+2
1.4582E-1	4.4116E-1	1.4582E-1	1.3700E+3
1.4594E-1	4.4043E-1	1.4594E-1	7.5300E+2
1.4607E-1	4.4019E-1	1.4607E-1	9.0400E+2
1.4607E-1	4.3970E-1	1.4607E-1	1.1500E+3
1.4619E-1	4.3921E-1	1.4619E-1	7.9300E+2
1.4631E-1	4.4116E-1	1.4631E-1	9.8800E+2
1.4631E-1	4.4238E-1	1.4631E-1	1.4030E+3
1.4643E-1	4.4141E-1	1.4643E-1	1.2410E+3
1.4655E-1	4.4067E-1	1.4655E-1	1.1350E+3
1.4655E-1	4.4067E-1	1.4655E-1	6.0000E+2
1.4668E-1	4.4141E-1	1.4668E-1	1.6890E+3
1.4680E-1	4.4238E-1	1.4680E-1	1.0970E+3
1.4692E-1	4.4043E-1	1.4692E-1	9.8100E+2
1.4692E-1	4.3945E-1	1.4692E-1	9.5800E+2
1.4704E-1	4.4214E-1	1.4704E-1	9.1300E+2
1.4716E-1	4.4092E-1	1.4716E-1	3.7800E+2
1.4716E-1	4.3970E-1	1.4716E-1	1.0630E+3
1.4729E-1	4.4092E-1	1.4729E-1	3.5100E+2
1.4741E-1	4.4043E-1	1.4741E-1	1.1080E+3
1.4753E-1	4.4019E-1	1.4753E-1	1.0860E+3
1.4753E-1	4.3970E-1	1.4753E-1	9.4400E+2
1.4765E-1	4.4019E-1	1.4765E-1	1.0370E+3
1.4778E-1	4.3945E-1	1.4778E-1	9.8600E+2
1.4778E-1	4.4019E-1	1.4778E-1	6.4200E+2
1.4790E-1	4.3970E-1	1.4790E-1	1.2430E+3
1.4802E-1	4.4043E-1	1.4802E-1	1.3760E+3
1.4802E-1	4.3970E-1	1.4802E-1	1.0310E+3
1.4814E-1	4.4043E-1	1.4814E-1	9.1100E+2
1.4826E-1	4.4092E-1	1.4826E-1	7.5700E+2
1.4839E-1	4.4116E-1	1.4839E-1	6.1700E+2
1.4839E-1	4.3921E-1	1.4839E-1	1.2920E+3
1.4851E-1	4.3994E-1	1.4851E-1	5.6000E+2
1.4863E-1	4.3994E-1	1.4863E-1	8.1300E+2
1.4863E-1	4.3921E-1	1.4863E-1	1.2460E+3
1.4875E-1	4.3970E-1	1.4875E-1	3.0300E+2
1.4887E-1	4.4019E-1	1.4887E-1	7.5100E+2
1.4900E-1	4.3896E-1	1.4900E-1	1.0300E+3
1.4900E-1	4.4019E-1	1.4900E-1	1.0170E+3
1.4912E-1	4.4067E-1	1.4912E-1	1.2570E+3
1.4924E-1	4.3848E-1	1.4924E-1	9.3300E+2
1.4924E-1	4.3994E-1	1.4924E-1	6.1800E+2
1.4936E-1	4.4092E-1	1.4936E-1	9.1700E+2
1.4948E-1	4.3872E-1	1.4948E-1	5.8700E+2
1.4948E-1	4.3970E-1	1.4948E-1	1.5070E+3
1.4961E-1	4.4043E-1	1.4961E-1	8.5900E+2
1.4973E-1	4.3774E-1	1.4973E-1	7.3100E+2
1.4985E-1	4.3872E-1	1.4985E-1	1.4760E+3
1.4985E-1	4.3994E-1	1.4985E-1	9.3900E+2
1.4997E-1	4.3970E-1	1.4997E-1	1.0200E+3
1.5009E-1	4.4116E-1	1.5009E-1	6.0000E+2
1.5009E-1	4.3970E-1	1.5009E-1	8.9500E+2
1.5022E-1	4.3848E-1	1.5022E-1	8.5100E+2
1.5034E-1	4.4116E-1	1.5034E-1	1.2500E+3
1.5046E-1	4.3848E-1	1.5046E-1	5.4400E+2
1.5046E-1	4.3896E-1	1.5046E-1	6.6600E+2
1.5058E-1	4.3921E-1	1.5058E-1	8.3300E+2
1.5070E-1	4.3848E-1	1.5070E-1	6.1600E+2
1.5070E-1	4.3921E-1	1.5070E-1	5.6500E+2
1.5083E-1	4.4019E-1	1.5083E-1	5.8000E+2
1.5095E-1	4.3970E-1	1.5095E-1	1.3130E+3
1.5107E-1	4.3701E-1	1.5107E-1	2.3000E+2
1.5107E-1	4.3872E-1	1.5107E-1	1.0860E+3
1.5119E-1	4.3872E-1	1.5119E-1	8.1800E+2
1.5132E-1	4.3848E-1	1.5132E-1	5.5100E+2
1.5132E-1	4.3872E-1	1.5132E-1	8.5000E+1
1.5144E-1	4.3896E-1	1.5144E-1	7.8700E+2
1.5156E-1	4.3970E-1	1.5156E-1	1.2960E+3
1.5156E-1	4.4019E-1	1.5156E-1	7.5700E+2
1.5168E-1	4.3970E-1	1.5168E-1	1.1410E+3
1.5180E-1	4.3970E-1	1.5180E-1	8.1500E+2
1.5193E-1	4.3921E-1	1.5193E-1	6.2700E+2
1.5193E-1	4.3970E-1	1.5193E-1	1.0110E+3
1.5205E-1	4.4092E-1	1.5205E-1	5.6200E+2
1.5217E-1	4.3970E-1	1.5217E-1	9.3500E+2
1.5217E-1	4.3896E-1	1.5217E-1	1.1280E+3
1.5229E-1	4.3970E-1	1.5229E-1	8.9900E+2
1.5241E-1	4.3945E-1	1.5241E-1	1.1440E+3
1.5241E-1	4.3872E-1	1.5241E-1	9.9000E+2
1.5254E-1	4.4067E-1	1.5254E-1	1.1480E+3
1.5266E-1	4.3994E-1	1.5266E-1	5.1800E+2
1.5278E-1	4.3750E-1	1.5278E-1	1.5680E+3
1.5278E-1	4.3994E-1	1.5278E-1	3.4500E+2
1.5290E-1	4.3945E-1	1.5290E-1	6.5300E+2
1.5302E-1	4.4043E-1	1.5302E-1	1.0130E+3
1.5302E-1	4.4043E-1	1.5302E-1	6.2500E+2
1.5315E-1	4.4141E-1	1.5315E-1	1.1010E+3
1.5327E-1	4.3823E-1	1.5327E-1	1.0660E+3
1.5339E-1	4.3994E-1	1.5339E-1	5.9600E+2
1.5339E-1	4.4043E-1	1.5339E-1	1.0440E+3
1.5351E-1	4.4141E-1	1.5351E-1	8.4600E+2
1.5363E-1	4.4043E-1	1.5363E-1	-1.2100E+2
1.5363E-1	4.4043E-1	1.5363E-1	1.1730E+3
1.5376E-1	4.4141E-1	1.5376E-1	1.0900E+2
1.5388E-1	4.4116E-1	1.5388E-1	5.1300E+2
1.5388E-1	4.4141E-1	1.5388E-1	7.8400E+2
1.5400E-1	4.3970E-1	1.5400E-1	9.2600E+2
1.5412E-1	4.4019E-1	1.5412E-1	4.3400E+2
1.5425E-1	4.3970E-1	1.5425E-1	6.9100E+2
1.5425E-1	4.4141E-1	1.5425E-1	7.2800E+2
1.5437E-1	4.4165E-1	1.5437E-1	8.0100E+2
1.5449E-1	4.3994E-1	1.5449E-1	7.5800E+2
1.5449E-1	4.3994E-1	1.5449E-1	6.5500E+2
1.5461E-1	4.3945E-1	1.5461E-1	4.4900E+2
1.5473E-1	4.4189E-1	1.5473E-1	9.2000E+1
1.5486E-1	4.4116E-1	1.5486E-1	1.1830E+3
1.5486E-1	4.4189E-1	1.5486E-1	6.0600E+2
1.5498E-1	4.4189E-1	1.5498E-1	1.0130E+3
1.5510E-1	4.3994E-1	1.5510E-1	1.0470E+3
1.5510E-1	4.4043E-1	1.5510E-1	1.0110E+3
1.5522E-1	4.4067E-1	1.5522E-1	4.7300E+2
1.5534E-1	4.4189E-1	1.5534E-1	5.4900E+2
1.5534E-1	4.4116E-1	1.5534E-1	7.7100E+2
1.5547E-1	4.4092E-1	1.5547E-1	6.4700E+2
1.5559E-1	4.4092E-1	1.5559E-1	4.7400E+2
1.5571E-1	4.4214E-1	1.5571E-1	8.7900E+2
1.5571E-1	4.3994E-1	1.5571E-1	7.3900E+2
1.5583E-1	4.4019E-1	1.5583E-1	8.2200E+2
1.5595E-1	4.4189E-1	1.5595E-1	1.0990E+3
1.5595E-1	4.4287E-1	1.5595E-1	8.0000E+2
1.5608E-1	4.4116E-1	1.5608E-1	8.2000E+2
1.5620E-1	4.4067E-1	1.5620E-1	9.5000E+2
1.5632E-1	4.4214E-1	1.5632E-1	9.2900E+2
1.5632E-1	4.4067E-1	1.5632E-1	4.0200E+2
1.5644E-1	4.4336E-1	1.5644E-1	4.8000E+2
1.5656E-1	4.4287E-1	1.5656E-1	1.1930E+3
1.5656E-1	4.4312E-1	1.5656E-1	1.3170E+3
1.5669E-1	4.4189E-1	1.5669E-1	5.6100E+2
1.5681E-1	4.4092E-1	1.5681E-1	7.5800E+2
1.5693E-1	4.4287E-1	1.5693E-1	5.9800E+2
1.5693E-1	4.4385E-1	1.5693E-1	8.3800E+2
1.5705E-1	4.4312E-1	1.5705E-1	4.0900E+2
1.5718E-1	4.4263E-1	1.5718E-1	1.0500E+3
1.5718E-1	4.4165E-1	1.5718E-1	6.0000E+2
1.5730E-1	4.4287E-1	1.5730E-1	7.1800E+2
1.5742E-1	4.4165E-1	1.5742E-1	8.7700E+2
1.5742E-1	4.4263E-1	1.5742E-1	3.0000E+1
1.5754E-1	4.4141E-1	1.5754E-1	7.2200E+2
1.5766E-1	4.4263E-1	1.5766E-1	2.7000E+2
1.5779E-1	4.4189E-1	1.5779E-1	7.2800E+2
1.5779E-1	4.4287E-1	1.5779E-1	9.0000E+1
1.5791E-1	4.4189E-1	1.5791E-1	8.7400E+2
1.5803E-1	4.4458E-1	1.5803E-1	1.9200E+2
1.5803E-1	4.4312E-1	1.5803E-1	5.2700E+2
1.5815E-1	4.4287E-1	1.5815E-1	9.0800E+2
1.5827E-1	4.4312E-1	1.5827E-1	9.5100E+2
1.5827E-1	4.4360E-1	1.5827E-1	8.3100E+2
1.5840E-1	4.4482E-1	1.5840E-1	7.4200E+2
1.5852E-1	4.4336E-1	1.5852E-1	1.0950E+3
1.5864E-1	4.4385E-1	1.5864E-1	7.0000E+2
1.5864E-1	4.4458E-1	1.5864E-1	1.1900E+3
1.5876E-1	4.4360E-1	1.5876E-1	1.0000E+0
1.5888E-1	4.4458E-1	1.5888E-1	7.9600E+2
1.5888E-1	4.4531E-1	1.5888E-1	5.9400E+2
1.5901E-1	4.4531E-1	1.5901E-1	7.6000E+2
1.5913E-1	4.4360E-1	1.5913E-1	4.4700E+2
1.5925E-1	4.4531E-1	1.5925E-1	3.0100E+2
1.5925E-1	4.4458E-1	1.5925E-1	7.5100E+2
1.5937E-1	4.4507E-1	1.5937E-1	7.4400E+2
1.5949E-1	4.4580E-1	1.5949E-1	6.2200E+2
1.5949E-1	4.4849E-1	1.5949E-1	2.9800E+2
1.5962E-1	4.4556E-1	1.5962E-1	8.1300E+2
1.5974E-1	4.4604E-1	1.5974E-1	1.9600E+2
1.5974E-1	4.4629E-1	1.5974E-1	9.0000E+1
1.5986E-1	4.4580E-1	1.5986E-1	7.2200E+2
1.5998E-1	4.4751E-1	1.5998E-1	6.1800E+2
1.6010E-1	4.4580E-1	1.6010E-1	7.2800E+2
1.6010E-1	4.4580E-1	1.6010E-1	6.5600E+2
1.6023E-1	4.4653E-1	1.6023E-1	1.0260E+3
1.6035E-1	4.4653E-1	1.6035E-1	2.3800E+2
1.6035E-1	4.4604E-1	1.6035E-1	8.9900E+2
1.6047E-1	4.4775E-1	1.6047E-1	4.4300E+2
1.6059E-1	4.4702E-1	1.6059E-1	3.5700E+2
1.6072E-1	4.4922E-1	1.6072E-1	4.9100E+2
1.6072E-1	4.4751E-1	1.6072E-1	1.9200E+2
1.6084E-1	4.4751E-1	1.6084E-1	4.6000E+2
1.6096E-1	4.4873E-1	1.6096E-1	5.1000E+2
1.6096E-1	4.4922E-1	1.6096E-1	8.0000E+2
1.6108E-1	4.4678E-1	1.6108E-1	9.2700E+2
1.6120E-1	4.4800E-1	1.6120E-1	7.7900E+2
1.6133E-1	4.4824E-1	1.6133E-1	5.0500E+2
1.6133E-1	4.4775E-1	1.6133E-1	1.0200E+2
1.6145E-1	4.4727E-1	1.6145E-1	1.8300E+2
1.6157E-1	4.4702E-1	1.6157E-1	5.8000E+1
1.6157E-1	4.4751E-1	1.6157E-1	1.2300E+2
1.6169E-1	4.5020E-1	1.6169E-1	8.5000E+1
1.6181E-1	4.4971E-1	1.6181E-1	5.6400E+2
1.6181E-1	4.4849E-1	1.6181E-1	1.0790E+3
1.6194E-1	4.4775E-1	1.6194E-1	5.0900E+2
1.6206E-1	4.4946E-1	1.6206E-1	7.0500E+2
1.6218E-1	4.4946E-1	1.6218E-1	1.0330E+3
1.6218E-1	4.4849E-1	1.6218E-1	9.0400E+2
1.6230E-1	4.4995E-1	1.6230E-1	9.9100E+2
1.6242E-1	4.5068E-1	1.6242E-1	3.6100E+2
1.6242E-1	4.5117E-1	1.6242E-1	6.9500E+2
1.6255E-1	4.5142E-1	1.6255E-1	4.4400E+2
1.6267E-1	4.5142E-1	1.6267E-1	6.9500E+2
1.6279E-1	4.5313E-1	1.6279E-1	3.7900E+2
1.6279E-1	4.5142E-1	1.6279E-1	5.7800E+2
1.6291E-1	4.5068E-1	1.6291E-1	5.7400E+2
1.6303E-1	4.5117E-1	1.6303E-1	5.2700E+2
1.6303E-1	4.5264E-1	1.6303E-1	3.8100E+2
1.6316E-1	4.5239E-1	1.6316E-1	1.1260E+3
1.6328E-1	4.5166E-1	1.6328E-1	5.1400E+2
1.6328E-1	4.5142E-1	1.6328E-1	7.8200E+2
1.6340E-1	4.5190E-1	1.6340E-1	3.8000E+2
1.6352E-1	4.5215E-1	1.6352E-1	3.5600E+2
1.6365E-1	4.5288E-1	1.6365E-1	8.0000E+0
1.6365E-1	4.5215E-1	1.6365E-1	7.5800E+2
1.6377E-1	4.5337E-1	1.6377E-1	7.8600E+2
1.6389E-1	4.5459E-1	1.6389E-1	4.8400E+2
1.6389E-1	4.5215E-1	1.6389E-1	5.1100E+2
1.6401E-1	4.5313E-1	1.6401E-1	3.7400E+2
1.6413E-1	4.5410E-1	1.6413E-1	7.4700E+2
1.6413E-1	4.5337E-1	1.6413E-1	5.0000E+2
1.6426E-1	4.5459E-1	1.6426E-1	6.7600E+2
1.6438E-1	4.5459E-1	1.6438E-1	5.6700E+2
1.6450E-1	4.5386E-1	1.6450E-1	8.7100E+2
1.6450E-1	4.5337E-1	1.6450E-1	3.5800E+2
1.6462E-1	4.5410E-1	1.6462E-1	2.8100E+2
1.6474E-1	4.5386E-1	1.6474E-1	1.8700E+2
1.6474E-1	4.5557E-1	1.6474E-1	4.1200E+2
1.6487E-1	4.5630E-1	1.6487E-1	4.2700E+2
1.6499E-1	4.5508E-1	1.6499E-1	7.1300E+2
1.6511E-1	4.5630E-1	1.6511E-1	2.0700E+2
1.6511E-1	4.5508E-1	1.6511E-1	-2.8800E+2
1.6523E-1	4.5605E-1	1.6523E-1	6.4500E+2
1.6535E-1	4.5728E-1	1.6535E-1	3.1200E+2
1.6535E-1	4.5630E-1	1.6535E-1	6.6700E+2
1.6548E-1	4.5483E-1	1.6548E-1	1.3000E+1
1.6560E-1	4.5752E-1	1.6560E-1	3.3800E+2
1.6560E-1	4.5776E-1	1.6560E-1	2.3800E+2
1.6572E-1	4.5825E-1	1.6572E-1	9.0000E+2
1.6584E-1	4.5728E-1	1.6584E-1	3.1800E+2
1.6596E-1	4.5850E-1	1.6596E-1	1.0420E+3
1.6596E-1	4.5850E-1	1.6596E-1	1.0500E+3
1.6609E-1	4.5972E-1	1.6609E-1	9.4400E+2
1.6621E-1	4.5825E-1	1.6621E-1	6.5600E+2
1.6621E-1	4.6069E-1	1.6621E-1	3.4000E+1
1.6633E-1	4.6167E-1	1.6633E-1	-2.2800E+2
1.6645E-1	4.5850E-1	1.6645E-1	2.4100E+2
1.6658E-1	4.5825E-1	1.6658E-1	8.2200E+2
1.6658E-1	4.5898E-1	1.6658E-1	-1.0000E+0
1.6670E-1	4.5972E-1	1.6670E-1	4.2200E+2
1.6682E-1	4.6167E-1	1.6682E-1	3.7000E+2
1.6682E-1	4.5923E-1	1.6682E-1	2.0300E+2
1.6694E-1	4.6167E-1	1.6694E-1	4.2100E+2
1.6706E-1	4.6143E-1	1.6706E-1	4.2700E+2
1.6719E-1	4.6289E-1	1.6719E-1	7.4800E+2
1.6719E-1	4.6045E-1	1.6719E-1	2.3000E+1
1.6731E-1	4.6191E-1	1.6731E-1	5.9300E+2
1.6743E-1	4.6118E-1	1.6743E-1	6.2400E+2
1.6743E-1	4.6240E-1	1.6743E-1	3.7600E+2
1.6755E-1	4.6289E-1	1.6755E-1	-3.5200E+2
1.6767E-1	4.6143E-1	1.6767E-1	2.0000E+2
1.6767E-1	4.6094E-1	1.6767E-1	3.6000E+2
1.6780E-1	4.6558E-1	1.6780E-1	6.9600E+2
1.6792E-1	4.6313E-1	1.6792E-1	5.3200E+2
1.6804E-1	4.6240E-1	1.6804E-1	2.4900E+2
1.6804E-1	4.6533E-1	1.6804E-1	3.4800E+2
1.6816E-1	4.6509E-1	1.6816E-1	7.3500E+2
1.6828E-1	4.6582E-1	1.6828E-1	-3.7600E+2
1.6828E-1	4.6631E-1	1.6828E-1	7.3300E+2
1.6841E-1	4.6558E-1	1.6841E-1	2.9800E+2
1.6853E-1	4.6606E-1	1.6853E-1	6.4200E+2
1.6865E-1	4.6704E-1	1.6865E-1	-1.1400E+2
1.6865E-1	4.6680E-1	1.6865E-1	4.9800E+2
1.6877E-1	4.6484E-1	1.6877E-1	6.1800E+2
1.6889E-1	4.6899E-1	1.6889E-1	2.2500E+2
1.6889E-1	4.6582E-1	1.6889E-1	2.6700E+2
1.6902E-1	4.6851E-1	1.6902E-1	1.2100E+2
1.6914E-1	4.6899E-1	1.6914E-1	1.0820E+3
1.6914E-1	4.6997E-1	1.6914E-1	4.5300E+2
1.6926E-1	4.6826E-1	1.6926E-1	4.8000E+1
1.6938E-1	4.6997E-1	1.6938E-1	7.0000E+1
1.6950E-1	4.6826E-1	1.6950E-1	1.6000E+1
1.6950E-1	4.6704E-1	1.6950E-1	3.3800E+2
1.6963E-1	4.7021E-1	1.6963E-1	3.4800E+2
1.6975E-1	4.6899E-1	1.6975E-1	4.1800E+2
1.6975E-1	4.6973E-1	1.6975E-1	-1.7900E+2
1.6987E-1	4.7144E-1	1.6987E-1	5.6000E+2
1.6999E-1	4.6777E-1	1.6999E-1	5.3500E+2
1.6999E-1	4.6997E-1	1.6999E-1	1.8900E+2
1.7012E-1	4.7241E-1	1.7012E-1	1.2700E+2
1.7024E-1	4.7192E-1	1.7024E-1	3.0500E+2
1.7036E-1	4.7095E-1	1.7036E-1	1.1000E+2
1.7036E-1	4.7168E-1	1.7036E-1	5.4500E+2
1.7048E-1	4.7241E-1	1.7048E-1	-1.8000E+2
1.7060E-1	4.7241E-1	1.7060E-1	2.8700E+2
1.7060E-1	4.7241E-1	1.7060E-1	1.5000E+2
1.7073E-1	4.7144E-1	1.7073E-1	1.4900E+2
1.7085E-1	4.7192E-1	1.7085E-1	6.2000E+2
1.7097E-1	4.7290E-1	1.7097E-1	-9.0000E+1
1.7097E-1	4.7339E-1	1.7097E-1	2.3600E+2
1.7109E-1	4.7510E-1	1.7109E-1	3.6900E+2
1.7121E-1	4.7412E-1	1.7121E-1	1.3200E+2
1.7121E-1	4.7437E-1	1.7121E-1	1.5600E+2
1.7134E-1	4.7388E-1	1.7134E-1	3.8500E+2
1.7146E-1	4.7559E-1	1.7146E-1	3.6300E+2
1.7146E-1	4.7461E-1	1.7146E-1	1.8700E+2
1.7158E-1	4.7681E-1	1.7158E-1	1.4100E+2
1.7170E-1	4.7705E-1	1.7170E-1	9.5300E+2
1.7182E-1	4.7534E-1	1.7182E-1	1.6700E+2
1.7182E-1	4.7632E-1	1.7182E-1	4.4900E+2
1.7195E-1	4.7705E-1	1.7195E-1	2.9200E+2
1.7207E-1	4.7705E-1	1.7207E-1	4.9400E+2
1.7207E-1	4.7949E-1	1.7207E-1	2.5700E+2
1.7219E-1	4.7852E-1	1.7219E-1	-2.4300E+2
1.7231E-1	4.7803E-1	1.7231E-1	-9.9500E+2
1.7243E-1	4.7876E-1	1.7243E-1	1.9000E+1
1.7243E-1	4.7900E-1	1.7243E-1	-4.6900E+2
1.7256E-1	4.7925E-1	1.7256E-1	1.8700E+2
1.7268E-1	4.7778E-1	1.7268E-1	-5.8500E+2
1.7268E-1	4.8169E-1	1.7268E-1	-1.3400E+2
1.7280E-1	4.8022E-1	1.7280E-1	2.2700E+2
1.7292E-1	4.7998E-1	1.7292E-1	5.8900E+2
1.7305E-1	4.8047E-1	1.7305E-1	1.0100E+2
1.7305E-1	4.7974E-1	1.7305E-1	-4.5600E+2
1.7317E-1	4.8193E-1	1.7317E-1	4.1200E+2
1.7329E-1	4.8193E-1	1.7329E-1	4.1400E+2
1.7329E-1	4.8267E-1	1.7329E-1	8.1000E+1
1.7341E-1	4.8193E-1	1.7341E-1	1.1400E+2
1.7353E-1	4.8242E-1	1.7353E-1	-1.4800E+2
1.7353E-1	4.8291E-1	1.7353E-1	-3.0900E+2
1.7366E-1	4.8022E-1	1.7366E-1	1.8700E+2
1.7378E-1	4.8267E-1	1.7378E-1	-1.9200E+2
1.7390E-1	4.8364E-1	1.7390E-1	1.7600E+2
1.7390E-1	4.8535E-1	1.7390E-1	1.2000E+1
1.7402E-1	4.8438E-1	1.7402E-1	2.1000E+1
1.7414E-1	4.8486E-1	1.7414E-1	3.3200E+2
1.7414E-1	4.8584E-1	1.7414E-1	2.0300E+2
1.7427E-1	4.8560E-1	1.7427E-1	8.8000E+1
1.7439E-1	4.8560E-1	1.7439E-1	5.7000E+1
1.7451E-1	4.8877E-1	1.7451E-1	3.4700E+2
1.7451E-1	4.8853E-1	1.7451E-1	1.3000E+1
1.7463E-1	4.8657E-1	1.7463E-1	5.3200E+2
1.7475E-1	4.8779E-1	1.7475E-1	8.4000E+1
1.7475E-1	4.8853E-1	1.7475E-1	1.0000E+1
1.7488E-1	4.8779E-1	1.7488E-1	-1.2300E+2
1.7500E-1	4.8730E-1	1.7500E-1	5.0400E+2
1.7500E-1	4.8950E-1	1.7500E-1	-6.6000E+1
1.7512E-1	4.8682E-1	1.7512E-1	-3.5800E+2
1.7524E-1	4.9023E-1	1.7524E-1	-3.4400E+2
1.7536E-1	4.9048E-1	1.7536E-1	1.3200E+2
1.7536E-1	4.8999E-1	1.7536E-1	2.1900E+2
1.7549E-1	4.8975E-1	1.7549E-1	-3.4000E+1
1.7561E-1	4.9023E-1	1.7561E-1	5.3800E+2
1.7561E-1	4.9121E-1	1.7561E-1	2.1400E+2
1.7573E-1	4.9268E-1	1.7573E-1	-2.0500E+2
1.7585E-1	4.9170E-1	1.7585E-1	1.2700E+2
1.7585E-1	4.9341E-1	1.7585E-1	7.2000E+1
1.7598E-1	4.9414E-1	1.7598E-1	-2.4500E+2
1.7610E-1	4.9463E-1	1.7610E-1	-5.8700E+2
1.7622E-1	4.9341E-1	1.7622E-1	-2.4000E+1
1.7622E-1	4.9512E-1	1.7622E-1	-8.8000E+1
1.7634E-1	4.9536E-1	1.7634E-1	-3.9400E+2
1.7646E-1	4.9438E-1	1.7646E-1	3.0000E+1
1.7646E-1	4.9561E-1	1.7646E-1	-2.0500E+2
1.7659E-1	4.9536E-1	1.7659E-1	-1.7700E+2
1.7671E-1	4.9609E-1	1.7671E-1	2.3300E+2
1.7683E-1	4.9683E-1	1.7683E-1	5.9100E+2
1.7683E-1	4.9536E-1	1.7683E-1	-5.2300E+2
1.7695E-1	4.9683E-1	1.7695E-1	5.0500E+2
1.7707E-1	4.9658E-1	1.7707E-1	5.5100E+2
1.7707E-1	4.9683E-1	1.7707E-1	-4.5800E+2
1.7720E-1	4.9756E-1	1.7720E-1	1.0800E+2
1.7732E-1	4.9829E-1	1.7732E-1	-1.0000E+1
1.7744E-1	4.9780E-1	1.7744E-1	5.3100E+2
1.7744E-1	4.9805E-1	1.7744E-1	-3.2000E+1
1.7756E-1	5.0049E-1	1.7756E-1	5.6000E+1
1.7768E-1	5.0098E-1	1.7768E-1	-4.4700E+2
1.7768E-1	4.9976E-1	1.7768E-1	5.2000E+1
1.7781E-1	5.0049E-1	1.7781E-1	-8.5800E+2
1.7793E-1	5.0049E-1	1.7793E-1	2.4100E+2
1.7793E-1	5.0342E-1	1.7793E-1	-2.4200E+2
1.7805E-1	5.0146E-1	1.7805E-1	-3.0700E+2
1.7817E-1	5.0146E-1	1.7817E-1	1.4500E+2
1.7829E-1	5.0464E-1	1.7829E-1	-2.1000E+1
1.7829E-1	5.0317E-1	1.7829E-1	-2.9200E+2
1.7842E-1	5.0415E-1	1.7842E-1	-2.6100E+2
1.7854E-1	5.0562E-1	1.7854E-1	2.3000E+1
1.7854E-1	5.0513E-1	1.7854E-1	-1.1700E+2
1.7866E-1	5.0537E-1	1.7866E-1	2.4200E+2
1.7878E-1	5.0562E-1	1.7878E-1	-4.0100E+2
1.7890E-1	5.0684E-1	1.7890E-1	-6.4900E+2
1.7890E-1	5.0586E-1	1.7890E-1	6.4400E+2
1.7903E-1	5.0537E-1	1.7903E-1	-6.5400E+2
1.7915E-1	5.0610E-1	1.7915E-1	2.0700E+2
1.7915E-1	5.0684E-1	1.7915E-1	1.9500E+2
1.7927E-1	5.0659E-1	1.7927E-1	-4.0400E+2
1.7939E-1	5.0732E-1	1.7939E-1	4.3000E+1
1.7939E-1	5.0586E-1	1.7939E-1	1.4700E+2
1.7952E-1	5.0781E-1	1.7952E-1	-3.6300E+2
1.7964E-1	5.0732E-1	1.7964E-1	-1.0800E+2
1.7976E-1	5.0830E-1	1.7976E-1	-8.5000E+1
1.7976E-1	5.0952E-1	1.7976E-1	-4.9100E+2
1.7988E-1	5.0977E-1	1.7988E-1	-1.8500E+2
1.8000E-1	5.0952E-1	1.8000E-1	-4.5300E+2
1.8000E-1	5.1270E-1	1.8000E-1	1.5200E+2
1.8013E-1	5.1221E-1	1.8013E-1	-4.5000E+1
1.8025E-1	5.1099E-1	1.8025E-1	-2.4300E+2
1.8037E-1	5.1245E-1	1.8037E-1	-3.5600E+2
1.8037E-1	5.1294E-1	1.8037E-1	8.1000E+1
1.8049E-1	5.1196E-1	1.8049E-1	-5.4000E+1
1.8061E-1	5.1294E-1	1.8061E-1	-5.7600E+2
1.8061E-1	5.1343E-1	1.8061E-1	3.9000E+1
1.8074E-1	5.1367E-1	1.8074E-1	-1.8700E+2
1.8086E-1	5.1416E-1	1.8086E-1	-3.5800E+2
1.8086E-1	5.1318E-1	1.8086E-1	2.1200E+2
1.8098E-1	5.1367E-1	1.8098E-1	4.5000E+1
1.8110E-1	5.1660E-1	1.8110E-1	-3.2500E+2
1.8122E-1	5.1587E-1	1.8122E-1	5.2300E+2
1.8122E-1	5.1465E-1	1.8122E-1	-1.8300E+2
1.8135E-1	5.1685E-1	1.8135E-1	4.6000E+1
1.8147E-1	5.1587E-1	1.8147E-1	-1.0100E+2
1.8147E-1	5.1807E-1	1.8147E-1	2.3500E+2
1.8159E-1	5.1807E-1	1.8159E-1	-5.0000E+2
1.8171E-1	5.1929E-1	1.8171E-1	-2.0000E+2
1.8171E-1	5.1904E-1	1.8171E-1	-1.6900E+2
1.8183E-1	5.1978E-1	1.8183E-1	5.9000E+1
1.8196E-1	5.1978E-1	1.8196E-1	1.5900E+2
1.8208E-1	5.1978E-1	1.8208E-1	-1.0300E+2
1.8208E-1	5.2148E-1	1.8208E-1	2.3000E+1
1.8220E-1	5.2100E-1	1.8220E-1	-3.9600E+2
1.8232E-1	5.2124E-1	1.8232E-1	-5.5100E+2
1.8232E-1	5.2295E-1	1.8232E-1	-1.0800E+2
1.8245E-1	5.2319E-1	1.8245E-1	-3.4900E+2
1.8257E-1	5.2222E-1	1.8257E-1	-6.3000E+1
1.8269E-1	5.2393E-1	1.8269E-1	1.7500E+2
1.8269E-1	5.2441E-1	1.8269E-1	7.9000E+1
1.8281E-1	5.2393E-1	1.8281E-1	-2.5400E+2
1.8293E-1	5.2515E-1	1.8293E-1	-3.8300E+2
1.8293E-1	5.2368E-1	1.8293E-1	-9.2000E+1
1.8306E-1	5.2466E-1	1.8306E-1	3.9200E+2
1.8318E-1	5.2661E-1	1.8318E-1	-4.0000E+2
1.8330E-1	5.2515E-1	1.8330E-1	2.5900E+2
1.8330E-1	5.2588E-1	1.8330E-1	1.2100E+2
1.8342E-1	5.2661E-1	1.8342E-1	-3.1400E+2
1.8354E-1	5.2637E-1	1.8354E-1	1.3000E+1
1.8354E-1	5.2808E-1	1.8354E-1	-2.0700E+2
1.8367E-1	5.2832E-1	1.8367E-1	-5.9500E+2
1.8379E-1	5.2954E-1	1.8379E-1	5.2000E+1
1.8379E-1	5.2905E-1	1.8379E-1	-5.3400E+2
1.8391E-1	5.3101E-1	1.8391E-1	-3.0000E+2
1.8403E-1	5.2930E-1	1.8403E-1	-6.6400E+2
1.8415E-1	5.3271E-1	1.8415E-1	-3.1200E+2
1.8415E-1	5.3003E-1	1.8415E-1	-5.8900E+2
1.8428E-1	5.3101E-1	1.8428E-1	-4.1800E+2
1.8440E-1	5.3369E-1	1.8440E-1	-4.7100E+2
1.8440E-1	5.3198E-1	1.8440E-1	-4.2900E+2
1.8452E-1	5.3271E-1	1.8452E-1	-5.5400E+2
1.8464E-1	5.3369E-1	1.8464E-1	-2.9400E+2
1.8476E-1	5.3442E-1	1.8476E-1	-4.6600E+2
1.8476E-1	5.3345E-1	1.8476E-1	-6.7600E+2
1.8489E-1	5.3394E-1	1.8489E-1	-1.7000E+2
1.8501E-1	5.3418E-1	1.8501E-1	1.1800E+2
1.8501E-1	5.3516E-1	1.8501E-1	-2.3200E+2
1.8513E-1	5.3491E-1	1.8513E-1	-3.2500E+2
1.8525E-1	5.3638E-1	1.8525E-1	3.8000E+2
1.8525E-1	5.3687E-1	1.8525E-1	-4.7100E+2
1.8538E-1	5.3687E-1	1.8538E-1	-1.8700E+2
1.8550E-1	5.3638E-1	1.8550E-1	-5.2400E+2
1.8562E-1	5.3833E-1	1.8562E-1	-7.3600E+2
1.8562E-1	5.3906E-1	1.8562E-1	-6.2500E+2
1.8574E-1	5.3979E-1	1.8574E-1	4.0000E+2
1.8586E-1	5.4077E-1	1.8586E-1	3.8300E+2
1.8586E-1	5.4224E-1	1.8586E-1	1.0900E+2
1.8599E-1	5.4053E-1	1.8599E-1	-7.9200E+2
1.8611E-1	5.4077E-1	1.8611E-1	-2.2300E+2
1.8623E-1	5.4346E-1	1.8623E-1	-3.1200E+2
1.8623E-1	5.4028E-1	1.8623E-1	-5.3800E+2
1.8635E-1	5.4419E-1	1.8635E-1	3.3800E+2
1.8647E-1	5.4541E-1	1.8647E-1	4.8000E+1
1.8647E-1	5.4321E-1	1.8647E-1	-3.8200E+2
1.8660E-1	5.4590E-1	1.8660E-1	-1.8600E+2
1.8672E-1	5.4468E-1	1.8672E-1	-9.6400E+2
1.8672E-1	5.4468E-1	1.8672E-1	6.0000E+0
1.8684E-1	5.4541E-1	1.8684E-1	-9.9000E+1
1.8696E-1	5.4541E-1	1.8696E-1	-3.0500E+2
1.8708E-1	5.4590E-1	1.8708E-1	-4.0100E+2
1.8708E-1	5.4761E-1	1.8708E-1	-1.2100E+2
1.8721E-1	5.4834E-1	1.8721E-1	-5.4200E+2
1.8733E-1	5.4688E-1	1.8733E-1	-5.4000E+2
1.8733E-1	5.4834E-1	1.8733E-1	-7.0000E+0
1.8745E-1	5.4834E-1	1.8745E-1	-1.9100E+2
1.8757E-1	5.5029E-1	1.8757E-1	-1.1280E+3
1.8757E-1	5.5005E-1	1.8757E-1	-3.2300E+2
1.8769E-1	5.5273E-1	1.8769E-1	3.0100E+2
1.8782E-1	5.5054E-1	1.8782E-1	-6.9100E+2
1.8794E-1	5.5298E-1	1.8794E-1	-5.1600E+2
1.8794E-1	5.5298E-1	1.8794E-1	-1.0270E+3
1.8806E-1	5.5127E-1	1.8806E-1	-1.3210E+3
1.8818E-1	5.5347E-1	1.8818E-1	-2.4700E+2
1.8818E-1	5.5347E-1	1.8818E-1	-2.8200E+2
1.8830E-1	5.5347E-1	1.8830E-1	-4.0900E+2
1.8843E-1	5.5640E-1	1.8843E-1	-4.7400E+2
1.8855E-1	5.5518E-1	1.8855E-1	-6.6200E+2
1.8855E-1	5.5396E-1	1.8855E-1	-1.3800E+2
1.8867E-1	5.5591E-1	1.8867E-1	1.0100E+2
1.8879E-1	5.5542E-1	1.8879E-1	-6.0900E+2
1.8879E-1	5.5786E-1	1.8879E-1	-5.1300E+2
1.8892E-1	5.5542E-1	1.8892E-1	-7.4600E+2
1.8904E-1	5.5664E-1	1.8904E-1	-4.9100E+2
1.8916E-1	5.5859E-1	1.8916E-1	-8.3300E+2
1.8916E-1	5.5786E-1	1.8916E-1	-9.2000E+1
1.8928E-1	5.6030E-1	1.8928E-1	-2.5200E+2
1.8940E-1	5.5981E-1	1.8940E-1	-3.8000E+2
1.8940E-1	5.5981E-1	1.8940E-1	-4.3800E+2
1.8953E-1	5.6055E-1	1.8953E-1	-5.6300E+2
1.8965E-1	5.6177E-1	1.8965E-1	-1.7900E+2
1.8965E-1	5.6445E-1	1.8965E-1	-2.5900E+2
1.8977E-1	5.6323E-1	1.8977E-1	-7.9500E+2
1.8989E-1	5.6323E-1	1.8989E-1	-7.5700E+2
1.9001E-1	5.6421E-1	1.9001E-1	-2.6300E+2
1.9001E-1	5.6445E-1	1.9001E-1	-5.2700E+2
1.9014E-1	5.6689E-1	1.9014E-1	7.8000E+1
1.9026E-1	5.6421E-1	1.9026E-1	-9.3300E+2
1.9026E-1	5.6592E-1	1.9026E-1	-3.8200E+2
1.9038E-1	5.6738E-1	1.9038E-1	-4.5800E+2
1.9050E-1	5.6689E-1	1.9050E-1	-3.8000E+1
1.9062E-1	5.6616E-1	1.9062E-1	-6.3300E+2
1.9062E-1	5.6689E-1	1.9062E-1	-6.3700E+2
1.9075E-1	5.6738E-1	1.9075E-1	-1.0410E+3
1.9087E-1	5.6860E-1	1.9087E-1	-3.9600E+2
1.9087E-1	5.6836E-1	1.9087E-1	3.9000E+1
1.9099E-1	5.6982E-1	1.9099E-1	8.5000E+1
1.9111E-1	5.6982E-1	1.9111E-1	-2.7200E+2
1.9111E-1	5.6958E-1	1.9111E-1	-7.7100E+2
1.9123E-1	5.7129E-1	1.9123E-1	-6.1100E+2
1.9136E-1	5.6982E-1	1.9136E-1	-2.9400E+2
1.9148E-1	5.7324E-1	1.9148E-1	-1.9200E+2
1.9148E-1	5.7300E-1	1.9148E-1	-1.2340E+3
1.9160E-1	5.7446E-1	1.9160E-1	-9.5300E+2
1.9172E-1	5.7275E-1	1.9172E-1	-3.9100E+2
1.9172E-1	5.7373E-1	1.9172E-1	-9.3300E+2
1.9185E-1	5.7373E-1	1.9185E-1	-7.4000E+2
1.9197E-1	5.7568E-1	1.9197E-1	-7.2400E+2
1.9209E-1	5.7715E-1	1.9209E-1	-8.7100E+2
1.9209E-1	5.7715E-1	1.9209E-1	-9.0200E+2
1.9221E-1	5.7544E-1	1.9221E-1	-9.5500E+2
1.9233E-1	5.7739E-1	1.9233E-1	-9.0600E+2
1.9233E-1	5.7715E-1	1.9233E-1	-9.9000E+2
1.9246E-1	5.7910E-1	1.9246E-1	-1.3700E+2
1.9258E-1	5.7739E-1	1.9258E-1	-8.1000E+1
1.9270E-1	5.7813E-1	1.9270E-1	-8.0800E+2
1.9270E-1	5.7959E-1	1.9270E-1	-9.7200E+2
1.9282E-1	5.8081E-1	1.9282E-1	-1.0350E+3
1.9294E-1	5.8008E-1	1.9294E-1	-4.7100E+2
1.9294E-1	5.7983E-1	1.9294E-1	-6.4800E+2
1.9307E-1	5.8008E-1	1.9307E-1	-5.7300E+2
1.9319E-1	5.8203E-1	1.9319E-1	-9.4200E+2
1.9319E-1	5.8423E-1	1.9319E-1	-3.1900E+2
1.9331E-1	5.8276E-1	1.9331E-1	-1.4000E+2
1.9343E-1	5.8203E-1	1.9343E-1	-4.6900E+2
1.9343E-1	5.8447E-1	1.9343E-1	-5.9400E+2
1.9355E-1	5.8472E-1	1.9355E-1	-4.6000E+2
1.9368E-1	5.8545E-1	1.9368E-1	-4.6300E+2
1.9380E-1	5.8521E-1	1.9380E-1	-5.7100E+2
1.9380E-1	5.8789E-1	1.9380E-1	-5.9500E+2
1.9392E-1	5.8716E-1	1.9392E-1	-8.7700E+2
1.9404E-1	5.8643E-1	1.9404E-1	-2.4500E+2
1.9404E-1	5.8667E-1	1.9404E-1	-1.3970E+3
