Aux out [V]	Aux in [V]	Aux out [V]	PDH out [a.u.]
-5.3879E-1	7.9785E-1	-5.3879E-1	2.2000E+1
-5.3855E-1	7.9810E-1	-5.3855E-1	-3.9000E+2
-5.3842E-1	7.9736E-1	-5.3842E-1	-1.9000E+2
-5.3830E-1	7.9883E-1	-5.3830E-1	1.0700E+2
-5.3818E-1	7.9468E-1	-5.3818E-1	4.0800E+2
-5.3794E-1	7.9785E-1	-5.3794E-1	-8.6000E+1
-5.3781E-1	7.9639E-1	-5.3781E-1	1.6100E+2
-5.3769E-1	7.9541E-1	-5.3769E-1	-3.9400E+2
-5.3757E-1	7.9639E-1	-5.3757E-1	1.3500E+2
-5.3733E-1	7.9443E-1	-5.3733E-1	1.3600E+2
-5.3720E-1	7.9443E-1	-5.3720E-1	3.0000E+2
-5.3708E-1	7.9370E-1	-5.3708E-1	-2.1600E+2
-5.3684E-1	7.9590E-1	-5.3684E-1	3.2000E+2
-5.3671E-1	7.9443E-1	-5.3671E-1	-4.3400E+2
-5.3659E-1	7.9370E-1	-5.3659E-1	-3.4100E+2
-5.3647E-1	7.9321E-1	-5.3647E-1	-5.0000E+1
-5.3623E-1	7.9272E-1	-5.3623E-1	-7.0000E+1
-5.3610E-1	7.9248E-1	-5.3610E-1	3.7300E+2
-5.3598E-1	7.9224E-1	-5.3598E-1	-3.4400E+2
-5.3586E-1	7.9175E-1	-5.3586E-1	-3.9400E+2
-5.3562E-1	7.8979E-1	-5.3562E-1	1.0000E+1
-5.3549E-1	7.8931E-1	-5.3549E-1	1.7000E+1
-5.3537E-1	7.8979E-1	-5.3537E-1	5.0900E+2
-5.3513E-1	7.8979E-1	-5.3513E-1	4.8900E+2
-5.3501E-1	7.8882E-1	-5.3501E-1	7.8000E+1
-5.3488E-1	7.8784E-1	-5.3488E-1	4.6200E+2
-5.3476E-1	7.8906E-1	-5.3476E-1	7.9000E+1
-5.3452E-1	7.8760E-1	-5.3452E-1	1.6000E+2
-5.3440E-1	7.8589E-1	-5.3440E-1	6.8000E+1
-5.3427E-1	7.8809E-1	-5.3427E-1	1.7200E+2
-5.3415E-1	7.8687E-1	-5.3415E-1	-1.0100E+2
-5.3391E-1	7.8589E-1	-5.3391E-1	-3.6000E+1
-5.3379E-1	7.8516E-1	-5.3379E-1	-6.1000E+1
-5.3366E-1	7.8589E-1	-5.3366E-1	1.1000E+2
-5.3342E-1	7.8613E-1	-5.3342E-1	-2.4800E+2
-5.3330E-1	7.8516E-1	-5.3330E-1	-1.1200E+2
-5.3317E-1	7.8638E-1	-5.3317E-1	-2.9800E+2
-5.3305E-1	7.8589E-1	-5.3305E-1	-3.6300E+2
-5.3281E-1	7.8564E-1	-5.3281E-1	1.8300E+2
-5.3269E-1	7.8369E-1	-5.3269E-1	2.5600E+2
-5.3256E-1	7.8516E-1	-5.3256E-1	-2.3500E+2
-5.3232E-1	7.8442E-1	-5.3232E-1	3.7000E+1
-5.3220E-1	7.8418E-1	-5.3220E-1	-8.2000E+1
-5.3208E-1	7.8320E-1	-5.3208E-1	-4.2600E+2
-5.3195E-1	7.8662E-1	-5.3195E-1	1.1100E+2
-5.3171E-1	7.8320E-1	-5.3171E-1	4.0000E+1
-5.3159E-1	7.8345E-1	-5.3159E-1	2.1400E+2
-5.3147E-1	7.8418E-1	-5.3147E-1	9.8000E+1
-5.3134E-1	7.8247E-1	-5.3134E-1	-4.5900E+2
-5.3110E-1	7.8296E-1	-5.3110E-1	6.4900E+2
-5.3098E-1	7.8101E-1	-5.3098E-1	6.5900E+2
-5.3086E-1	7.8174E-1	-5.3086E-1	-1.2400E+2
-5.3061E-1	7.8101E-1	-5.3061E-1	1.4900E+2
-5.3049E-1	7.7905E-1	-5.3049E-1	9.1700E+2
-5.3037E-1	7.7783E-1	-5.3037E-1	6.7500E+2
-5.3024E-1	7.7710E-1	-5.3024E-1	2.0500E+2
-5.3000E-1	7.7881E-1	-5.3000E-1	6.3300E+2
-5.2988E-1	7.7686E-1	-5.2988E-1	-2.2000E+1
-5.2976E-1	7.7490E-1	-5.2976E-1	-2.6800E+2
-5.2963E-1	7.7490E-1	-5.2963E-1	6.3000E+1
-5.2939E-1	7.7344E-1	-5.2939E-1	6.7000E+1
-5.2927E-1	7.7197E-1	-5.2927E-1	1.0700E+2
-5.2915E-1	7.7344E-1	-5.2915E-1	1.4700E+2
-5.2890E-1	7.7002E-1	-5.2890E-1	-4.2000E+1
-5.2878E-1	7.7075E-1	-5.2878E-1	-6.3800E+2
-5.2866E-1	7.6831E-1	-5.2866E-1	3.7800E+2
-5.2854E-1	7.6953E-1	-5.2854E-1	8.2000E+2
-5.2829E-1	7.6831E-1	-5.2829E-1	2.3900E+2
-5.2817E-1	7.6904E-1	-5.2817E-1	4.2400E+2
-5.2805E-1	7.6758E-1	-5.2805E-1	1.3600E+2
-5.2793E-1	7.6831E-1	-5.2793E-1	-2.9200E+2
-5.2768E-1	7.6709E-1	-5.2768E-1	1.8100E+2
-5.2756E-1	7.6563E-1	-5.2756E-1	-3.8800E+2
-5.2744E-1	7.6733E-1	-5.2744E-1	-1.3000E+1
-5.2719E-1	7.6538E-1	-5.2719E-1	3.4700E+2
-5.2707E-1	7.6465E-1	-5.2707E-1	3.1400E+2
-5.2695E-1	7.6660E-1	-5.2695E-1	-4.5000E+2
-5.2683E-1	7.6318E-1	-5.2683E-1	5.0000E+0
-5.2658E-1	7.6147E-1	-5.2658E-1	6.6600E+2
-5.2646E-1	7.6245E-1	-5.2646E-1	-4.7000E+2
-5.2634E-1	7.6196E-1	-5.2634E-1	3.9300E+2
-5.2622E-1	7.6099E-1	-5.2622E-1	1.4700E+2
-5.2597E-1	7.6147E-1	-5.2597E-1	1.9200E+2
-5.2585E-1	7.6050E-1	-5.2585E-1	-4.6300E+2
-5.2573E-1	7.6147E-1	-5.2573E-1	1.7800E+2
-5.2548E-1	7.6123E-1	-5.2548E-1	2.4700E+2
-5.2536E-1	7.5952E-1	-5.2536E-1	1.1600E+2
-5.2524E-1	7.6001E-1	-5.2524E-1	1.8100E+2
-5.2512E-1	7.5854E-1	-5.2512E-1	1.6700E+2
-5.2487E-1	7.5928E-1	-5.2487E-1	7.9600E+2
-5.2475E-1	7.5732E-1	-5.2475E-1	4.1000E+1
-5.2463E-1	7.5708E-1	-5.2463E-1	9.8000E+1
-5.2451E-1	7.5586E-1	-5.2451E-1	-8.8000E+1
-5.2426E-1	7.5684E-1	-5.2426E-1	-2.7600E+2
-5.2414E-1	7.5659E-1	-5.2414E-1	6.9900E+2
-5.2402E-1	7.5562E-1	-5.2402E-1	-8.6000E+1
-5.2377E-1	7.5537E-1	-5.2377E-1	1.4600E+2
-5.2365E-1	7.5586E-1	-5.2365E-1	-2.0500E+2
-5.2353E-1	7.5439E-1	-5.2353E-1	1.7200E+2
-5.2341E-1	7.5562E-1	-5.2341E-1	4.7300E+2
-5.2316E-1	7.5342E-1	-5.2316E-1	4.6000E+1
-5.2304E-1	7.5391E-1	-5.2304E-1	-8.1000E+1
-5.2292E-1	7.5366E-1	-5.2292E-1	1.4100E+2
-5.2268E-1	7.5171E-1	-5.2268E-1	6.2600E+2
-5.2255E-1	7.5098E-1	-5.2255E-1	-3.9000E+1
-5.2243E-1	7.5049E-1	-5.2243E-1	-7.0000E+1
-5.2231E-1	7.5073E-1	-5.2231E-1	3.2900E+2
-5.2207E-1	7.5220E-1	-5.2207E-1	3.3400E+2
-5.2194E-1	7.5098E-1	-5.2194E-1	-1.4400E+2
-5.2182E-1	7.4951E-1	-5.2182E-1	1.4000E+1
-5.2170E-1	7.4854E-1	-5.2170E-1	4.8900E+2
-5.2146E-1	7.5000E-1	-5.2146E-1	4.9000E+1
-5.2133E-1	7.4854E-1	-5.2133E-1	3.2800E+2
-5.2121E-1	7.4536E-1	-5.2121E-1	1.7400E+2
-5.2097E-1	7.4976E-1	-5.2097E-1	1.5900E+2
-5.2084E-1	7.4756E-1	-5.2084E-1	-1.0100E+2
-5.2072E-1	7.4536E-1	-5.2072E-1	6.8700E+2
-5.2060E-1	7.4438E-1	-5.2060E-1	-1.3500E+2
-5.2036E-1	7.4658E-1	-5.2036E-1	-4.0300E+2
-5.2023E-1	7.4561E-1	-5.2023E-1	4.2000E+1
-5.2011E-1	7.4683E-1	-5.2011E-1	8.4400E+2
-5.1987E-1	7.4268E-1	-5.1987E-1	2.3000E+1
-5.1975E-1	7.4341E-1	-5.1975E-1	-3.6000E+1
-5.1962E-1	7.4561E-1	-5.1962E-1	6.3000E+1
-5.1950E-1	7.4438E-1	-5.1950E-1	-4.8500E+2
-5.1926E-1	7.4194E-1	-5.1926E-1	1.1200E+2
-5.1914E-1	7.4390E-1	-5.1914E-1	-1.0800E+2
-5.1901E-1	7.4316E-1	-5.1901E-1	2.0000E+0
-5.1889E-1	7.4146E-1	-5.1889E-1	3.6000E+1
-5.1865E-1	7.4243E-1	-5.1865E-1	-3.1600E+2
-5.1853E-1	7.4194E-1	-5.1853E-1	1.0800E+2
-5.1840E-1	7.4292E-1	-5.1840E-1	1.5200E+2
-5.1816E-1	7.4219E-1	-5.1816E-1	-7.0900E+2
-5.1804E-1	7.4316E-1	-5.1804E-1	2.2500E+2
-5.1791E-1	7.4292E-1	-5.1791E-1	-4.9600E+2
-5.1779E-1	7.4341E-1	-5.1779E-1	-4.0200E+2
-5.1755E-1	7.4390E-1	-5.1755E-1	-1.0840E+3
-5.1743E-1	7.4341E-1	-5.1743E-1	-3.0500E+2
-5.1730E-1	7.4536E-1	-5.1730E-1	-7.3300E+2
-5.1718E-1	7.4463E-1	-5.1718E-1	-1.1840E+3
-5.1694E-1	7.4414E-1	-5.1694E-1	-9.3500E+2
-5.1682E-1	7.4634E-1	-5.1682E-1	-8.1800E+2
-5.1669E-1	7.4561E-1	-5.1669E-1	-7.0300E+2
-5.1645E-1	7.4609E-1	-5.1645E-1	-3.2700E+2
-5.1633E-1	7.4854E-1	-5.1633E-1	-4.0800E+2
-5.1621E-1	7.4634E-1	-5.1621E-1	-1.1060E+3
-5.1608E-1	7.4854E-1	-5.1608E-1	-1.1000E+2
-5.1584E-1	7.4731E-1	-5.1584E-1	-3.9600E+2
-5.1572E-1	7.4780E-1	-5.1572E-1	-1.9000E+1
-5.1560E-1	7.4805E-1	-5.1560E-1	-1.2400E+2
-5.1535E-1	7.4609E-1	-5.1535E-1	8.5000E+2
-5.1523E-1	7.4463E-1	-5.1523E-1	6.2200E+2
-5.1511E-1	7.4487E-1	-5.1511E-1	1.1670E+3
-5.1499E-1	7.4194E-1	-5.1499E-1	9.7100E+2
-5.1474E-1	7.3877E-1	-5.1474E-1	1.2120E+3
-5.1462E-1	7.3901E-1	-5.1462E-1	1.4870E+3
-5.1450E-1	7.3877E-1	-5.1450E-1	7.2800E+2
-5.1437E-1	7.3535E-1	-5.1437E-1	1.3800E+3
-5.1413E-1	7.3438E-1	-5.1413E-1	6.9100E+2
-5.1401E-1	7.3364E-1	-5.1401E-1	1.3130E+3
-5.1389E-1	7.2998E-1	-5.1389E-1	8.8200E+2
-5.1364E-1	7.2974E-1	-5.1364E-1	3.2900E+2
-5.1352E-1	7.2900E-1	-5.1352E-1	6.6000E+2
-5.1340E-1	7.2559E-1	-5.1340E-1	1.0940E+3
-5.1328E-1	7.2461E-1	-5.1328E-1	4.0700E+2
-5.1303E-1	7.2437E-1	-5.1303E-1	6.1100E+2
-5.1291E-1	7.2168E-1	-5.1291E-1	4.4600E+2
-5.1279E-1	7.2217E-1	-5.1279E-1	-2.6200E+2
-5.1267E-1	7.2046E-1	-5.1267E-1	-1.5200E+2
-5.1242E-1	7.1729E-1	-5.1242E-1	5.1700E+2
-5.1230E-1	7.1997E-1	-5.1230E-1	-3.8300E+2
-5.1218E-1	7.1948E-1	-5.1218E-1	6.5900E+2
-5.1193E-1	7.1606E-1	-5.1193E-1	6.9500E+2
-5.1181E-1	7.1680E-1	-5.1181E-1	4.9100E+2
-5.1169E-1	7.1655E-1	-5.1169E-1	7.1900E+2
-5.1157E-1	7.1533E-1	-5.1157E-1	-8.6000E+1
-5.1132E-1	7.1533E-1	-5.1132E-1	2.2700E+2
-5.1120E-1	7.1265E-1	-5.1120E-1	2.0500E+2
-5.1108E-1	7.1143E-1	-5.1108E-1	4.7900E+2
-5.1096E-1	7.1143E-1	-5.1096E-1	-1.2000E+1
-5.1071E-1	7.1069E-1	-5.1071E-1	8.9300E+2
-5.1059E-1	7.1045E-1	-5.1059E-1	1.3900E+2
-5.1047E-1	7.0996E-1	-5.1047E-1	6.1000E+1
-5.1022E-1	7.0898E-1	-5.1022E-1	2.0900E+2
-5.1010E-1	7.0898E-1	-5.1010E-1	5.4400E+2
-5.0998E-1	7.0874E-1	-5.0998E-1	5.7100E+2
-5.0986E-1	7.0898E-1	-5.0986E-1	6.7000E+1
-5.0961E-1	7.0654E-1	-5.0961E-1	3.0900E+2
-5.0949E-1	7.0532E-1	-5.0949E-1	8.4600E+2
-5.0937E-1	7.0630E-1	-5.0937E-1	-1.6300E+2
-5.0925E-1	7.0557E-1	-5.0925E-1	5.2800E+2
-5.0900E-1	7.0410E-1	-5.0900E-1	7.8400E+2
-5.0888E-1	7.0313E-1	-5.0888E-1	4.4000E+2
-5.0876E-1	7.0190E-1	-5.0876E-1	4.6700E+2
-5.0851E-1	7.0117E-1	-5.0851E-1	3.0300E+2
-5.0839E-1	7.0239E-1	-5.0839E-1	-4.6000E+1
-5.0827E-1	7.0190E-1	-5.0827E-1	5.2400E+2
-5.0815E-1	6.9995E-1	-5.0815E-1	-2.9600E+2
-5.0790E-1	7.0093E-1	-5.0790E-1	-1.2500E+2
-5.0778E-1	6.9922E-1	-5.0778E-1	4.6400E+2
-5.0766E-1	7.0093E-1	-5.0766E-1	-1.1900E+2
-5.0754E-1	6.9824E-1	-5.0754E-1	3.7300E+2
-5.0729E-1	6.9873E-1	-5.0729E-1	-1.5700E+2
-5.0717E-1	6.9751E-1	-5.0717E-1	3.0000E+2
-5.0705E-1	6.9678E-1	-5.0705E-1	4.4900E+2
-5.0681E-1	6.9580E-1	-5.0681E-1	5.5700E+2
-5.0668E-1	6.9629E-1	-5.0668E-1	2.6300E+2
-5.0656E-1	6.9629E-1	-5.0656E-1	3.8000E+2
-5.0644E-1	6.9580E-1	-5.0644E-1	-1.1900E+2
-5.0620E-1	6.9385E-1	-5.0620E-1	4.3000E+1
-5.0607E-1	6.9263E-1	-5.0607E-1	8.7000E+1
-5.0595E-1	6.9556E-1	-5.0595E-1	4.5800E+2
-5.0583E-1	6.9531E-1	-5.0583E-1	9.7300E+2
-5.0559E-1	6.9336E-1	-5.0559E-1	3.2700E+2
-5.0546E-1	6.9116E-1	-5.0546E-1	4.2000E+2
-5.0534E-1	6.9019E-1	-5.0534E-1	4.7400E+2
-5.0510E-1	6.9165E-1	-5.0510E-1	-2.7400E+2
-5.0497E-1	6.8945E-1	-5.0497E-1	-2.2500E+2
-5.0485E-1	6.9067E-1	-5.0485E-1	3.9600E+2
-5.0473E-1	6.8970E-1	-5.0473E-1	1.2000E+1
-5.0449E-1	6.8872E-1	-5.0449E-1	4.1200E+2
-5.0436E-1	6.8872E-1	-5.0436E-1	1.7400E+2
-5.0424E-1	6.8970E-1	-5.0424E-1	7.0000E+1
-5.0400E-1	6.8872E-1	-5.0400E-1	3.8100E+2
-5.0388E-1	6.9019E-1	-5.0388E-1	4.0100E+2
-5.0375E-1	6.8677E-1	-5.0375E-1	3.2500E+2
-5.0363E-1	6.8823E-1	-5.0363E-1	5.7800E+2
-5.0339E-1	6.8945E-1	-5.0339E-1	-2.6500E+2
-5.0327E-1	6.8774E-1	-5.0327E-1	-1.6800E+2
-5.0314E-1	6.8799E-1	-5.0314E-1	-3.4700E+2
-5.0302E-1	6.8726E-1	-5.0302E-1	-5.8900E+2
-5.0278E-1	6.8799E-1	-5.0278E-1	-8.2700E+2
-5.0266E-1	6.8799E-1	-5.0266E-1	-3.1500E+2
-5.0253E-1	6.8896E-1	-5.0253E-1	-3.4800E+2
-5.0229E-1	6.8628E-1	-5.0229E-1	-6.6700E+2
-5.0217E-1	6.8848E-1	-5.0217E-1	-1.1710E+3
-5.0204E-1	6.8872E-1	-5.0204E-1	-2.7400E+2
-5.0192E-1	6.8848E-1	-5.0192E-1	-1.9400E+2
-5.0168E-1	6.8823E-1	-5.0168E-1	-4.8700E+2
-5.0156E-1	6.9043E-1	-5.0156E-1	-4.9800E+2
-5.0143E-1	6.9019E-1	-5.0143E-1	-8.7300E+2
-5.0131E-1	6.9263E-1	-5.0131E-1	-2.3200E+2
-5.0107E-1	6.9214E-1	-5.0107E-1	-3.4600E+2
-5.0095E-1	6.9189E-1	-5.0095E-1	-5.7000E+1
-5.0082E-1	6.9336E-1	-5.0082E-1	-4.7800E+2
-5.0058E-1	6.9165E-1	-5.0058E-1	-2.0600E+2
-5.0046E-1	6.9067E-1	-5.0046E-1	3.8700E+2
-5.0034E-1	6.9263E-1	-5.0034E-1	5.6700E+2
-5.0021E-1	6.9067E-1	-5.0021E-1	4.6900E+2
-4.9997E-1	6.8921E-1	-4.9997E-1	5.5300E+2
-4.9985E-1	6.8628E-1	-4.9985E-1	1.6530E+3
-4.9973E-1	6.8433E-1	-4.9973E-1	7.3200E+2
-4.9960E-1	6.8066E-1	-4.9960E-1	7.2600E+2
-4.9936E-1	6.8091E-1	-4.9936E-1	1.3700E+3
-4.9924E-1	6.7749E-1	-4.9924E-1	5.8200E+2
-4.9911E-1	6.7627E-1	-4.9911E-1	5.0600E+2
-4.9887E-1	6.7529E-1	-4.9887E-1	4.6600E+2
-4.9875E-1	6.7480E-1	-4.9875E-1	1.5000E+3
-4.9863E-1	6.7432E-1	-4.9863E-1	7.2800E+2
-4.9838E-1	6.7432E-1	-4.9838E-1	8.6800E+2
-4.9826E-1	6.7041E-1	-4.9826E-1	7.9500E+2
-4.9814E-1	6.7212E-1	-4.9814E-1	3.3900E+2
-4.9802E-1	6.6919E-1	-4.9802E-1	2.1400E+2
-4.9789E-1	6.6870E-1	-4.9789E-1	4.6900E+2
-4.9765E-1	6.6626E-1	-4.9765E-1	2.1800E+2
-4.9753E-1	6.6626E-1	-4.9753E-1	2.7100E+2
-4.9741E-1	6.6675E-1	-4.9741E-1	1.8500E+2
-4.9716E-1	6.6602E-1	-4.9716E-1	1.9100E+2
-4.9704E-1	6.6431E-1	-4.9704E-1	-2.3200E+2
-4.9692E-1	6.6309E-1	-4.9692E-1	8.8000E+1
-4.9667E-1	6.6211E-1	-4.9667E-1	5.9600E+2
-4.9655E-1	6.6333E-1	-4.9655E-1	5.9100E+2
-4.9643E-1	6.6187E-1	-4.9643E-1	3.0900E+2
-4.9631E-1	6.6260E-1	-4.9631E-1	1.0500E+2
-4.9606E-1	6.6064E-1	-4.9606E-1	4.3600E+2
-4.9594E-1	6.5991E-1	-4.9594E-1	5.0000E+1
-4.9582E-1	6.6016E-1	-4.9582E-1	-4.5900E+2
-4.9570E-1	6.5820E-1	-4.9570E-1	5.5100E+2
-4.9545E-1	6.5820E-1	-4.9545E-1	-3.2000E+2
-4.9533E-1	6.5967E-1	-4.9533E-1	-4.5100E+2
-4.9521E-1	6.5771E-1	-4.9521E-1	-1.5500E+2
-4.9496E-1	6.5820E-1	-4.9496E-1	-5.3300E+2
-4.9484E-1	6.5771E-1	-4.9484E-1	3.6000E+1
-4.9472E-1	6.5820E-1	-4.9472E-1	-1.1700E+2
-4.9460E-1	6.5674E-1	-4.9460E-1	8.3000E+1
-4.9435E-1	6.5894E-1	-4.9435E-1	-1.1200E+2
-4.9423E-1	6.5601E-1	-4.9423E-1	5.2200E+2
-4.9411E-1	6.5894E-1	-4.9411E-1	-2.3700E+2
-4.9399E-1	6.5845E-1	-4.9399E-1	3.4500E+2
-4.9374E-1	6.5601E-1	-4.9374E-1	-3.7400E+2
-4.9362E-1	6.5845E-1	-4.9362E-1	2.0900E+2
-4.9350E-1	6.5820E-1	-4.9350E-1	-5.0000E+0
-4.9326E-1	6.5845E-1	-4.9326E-1	-2.7200E+2
-4.9313E-1	6.5845E-1	-4.9313E-1	-5.3800E+2
-4.9301E-1	6.5918E-1	-4.9301E-1	-5.5600E+2
-4.9289E-1	6.5820E-1	-4.9289E-1	-6.7800E+2
-4.9264E-1	6.5918E-1	-4.9264E-1	-2.3400E+2
-4.9252E-1	6.6309E-1	-4.9252E-1	-5.4000E+2
-4.9240E-1	6.6113E-1	-4.9240E-1	-4.4500E+2
-4.9228E-1	6.6406E-1	-4.9228E-1	-8.5300E+2
-4.9203E-1	6.6553E-1	-4.9203E-1	-1.0110E+3
-4.9191E-1	6.6626E-1	-4.9191E-1	-7.6600E+2
-4.9179E-1	6.6846E-1	-4.9179E-1	-1.3940E+3
-4.9155E-1	6.7188E-1	-4.9155E-1	-1.3010E+3
-4.9142E-1	6.7261E-1	-4.9142E-1	-1.5940E+3
-4.9130E-1	6.7920E-1	-4.9130E-1	-2.1890E+3
-4.9118E-1	6.8311E-1	-4.9118E-1	-1.6470E+3
-4.9094E-1	6.8433E-1	-4.9094E-1	-2.5080E+3
-4.9081E-1	6.8774E-1	-4.9081E-1	-2.3460E+3
-4.9069E-1	6.9409E-1	-4.9069E-1	-1.7300E+3
-4.9057E-1	6.9775E-1	-4.9057E-1	-1.6270E+3
-4.9033E-1	7.0239E-1	-4.9033E-1	-1.8090E+3
-4.9020E-1	7.0215E-1	-4.9020E-1	-6.8700E+2
-4.9008E-1	7.0215E-1	-4.9008E-1	-1.4100E+2
-4.8984E-1	6.9897E-1	-4.8984E-1	1.6950E+3
-4.8971E-1	6.9629E-1	-4.8971E-1	1.9870E+3
-4.8959E-1	6.9019E-1	-4.8959E-1	2.6740E+3
-4.8947E-1	6.8066E-1	-4.8947E-1	2.7690E+3
-4.8923E-1	6.7676E-1	-4.8923E-1	2.7380E+3
-4.8910E-1	6.7310E-1	-4.8910E-1	2.7050E+3
-4.8898E-1	6.6992E-1	-4.8898E-1	1.5780E+3
-4.8886E-1	6.6602E-1	-4.8886E-1	2.0040E+3
-4.8862E-1	6.6016E-1	-4.8862E-1	1.8660E+3
-4.8849E-1	6.5747E-1	-4.8849E-1	1.2870E+3
-4.8837E-1	6.5479E-1	-4.8837E-1	1.0790E+3
-4.8813E-1	6.4966E-1	-4.8813E-1	8.9400E+2
-4.8801E-1	6.4893E-1	-4.8801E-1	9.6200E+2
-4.8788E-1	6.4404E-1	-4.8788E-1	2.7600E+2
-4.8776E-1	6.4233E-1	-4.8776E-1	1.2960E+3
-4.8752E-1	6.3965E-1	-4.8752E-1	9.0600E+2
-4.8740E-1	6.4014E-1	-4.8740E-1	3.4400E+2
-4.8727E-1	6.3843E-1	-4.8727E-1	3.8900E+2
-4.8703E-1	6.3892E-1	-4.8703E-1	3.6300E+2
-4.8691E-1	6.3574E-1	-4.8691E-1	1.2000E+1
-4.8679E-1	6.3501E-1	-4.8679E-1	4.8900E+2
-4.8666E-1	6.3379E-1	-4.8666E-1	9.4000E+2
-4.8642E-1	6.3306E-1	-4.8642E-1	5.2000E+1
-4.8630E-1	6.3159E-1	-4.8630E-1	1.7400E+2
-4.8617E-1	6.3086E-1	-4.8617E-1	1.8300E+2
-4.8605E-1	6.2915E-1	-4.8605E-1	5.4400E+2
-4.8581E-1	6.2842E-1	-4.8581E-1	1.0770E+3
-4.8569E-1	6.2891E-1	-4.8569E-1	4.1500E+2
-4.8556E-1	6.2695E-1	-4.8556E-1	5.9400E+2
-4.8532E-1	6.2524E-1	-4.8532E-1	3.6700E+2
-4.8520E-1	6.2744E-1	-4.8520E-1	5.8100E+2
-4.8508E-1	6.2524E-1	-4.8508E-1	-1.9200E+2
-4.8495E-1	6.2476E-1	-4.8495E-1	2.3000E+1
-4.8471E-1	6.2476E-1	-4.8471E-1	1.8000E+1
-4.8459E-1	6.2280E-1	-4.8459E-1	-5.9000E+1
-4.8447E-1	6.2305E-1	-4.8447E-1	4.7300E+2
-4.8434E-1	6.2354E-1	-4.8434E-1	-1.8800E+2
-4.8410E-1	6.2231E-1	-4.8410E-1	0.0000E+0
-4.8398E-1	6.2256E-1	-4.8398E-1	6.3300E+2
-4.8386E-1	6.2134E-1	-4.8386E-1	3.2500E+2
-4.8361E-1	6.2012E-1	-4.8361E-1	6.4900E+2
-4.8349E-1	6.2061E-1	-4.8349E-1	-4.2500E+2
-4.8337E-1	6.2012E-1	-4.8337E-1	-2.6800E+2
-4.8324E-1	6.1987E-1	-4.8324E-1	-1.6300E+2
-4.8300E-1	6.1963E-1	-4.8300E-1	-6.5800E+2
-4.8288E-1	6.1963E-1	-4.8288E-1	-6.5400E+2
-4.8276E-1	6.1987E-1	-4.8276E-1	1.7600E+2
-4.8263E-1	6.1890E-1	-4.8263E-1	-2.9000E+2
-4.8239E-1	6.1841E-1	-4.8239E-1	-2.7000E+2
-4.8227E-1	6.1841E-1	-4.8227E-1	-2.2800E+2
-4.8215E-1	6.1768E-1	-4.8215E-1	-1.2300E+2
-4.8190E-1	6.1816E-1	-4.8190E-1	-7.3300E+2
-4.8178E-1	6.1768E-1	-4.8178E-1	-1.9400E+2
-4.8166E-1	6.1646E-1	-4.8166E-1	2.1000E+2
-4.8154E-1	6.1743E-1	-4.8154E-1	-3.4800E+2
-4.8129E-1	6.1621E-1	-4.8129E-1	-1.5200E+2
-4.8117E-1	6.1914E-1	-4.8117E-1	-1.7000E+1
-4.8105E-1	6.1841E-1	-4.8105E-1	2.4000E+1
-4.8093E-1	6.1670E-1	-4.8093E-1	5.9000E+1
-4.8068E-1	6.1816E-1	-4.8068E-1	-3.5000E+1
-4.8056E-1	6.1719E-1	-4.8056E-1	3.5800E+2
-4.8044E-1	6.1670E-1	-4.8044E-1	7.5000E+1
-4.8019E-1	6.1841E-1	-4.8019E-1	-3.3400E+2
-4.8007E-1	6.1841E-1	-4.8007E-1	-2.1300E+2
-4.7995E-1	6.1816E-1	-4.7995E-1	8.8000E+1
-4.7970E-1	6.1987E-1	-4.7970E-1	-2.9400E+2
-4.7958E-1	6.2109E-1	-4.7958E-1	-5.0000E+1
-4.7946E-1	6.2012E-1	-4.7946E-1	-6.2900E+2
-4.7934E-1	6.2061E-1	-4.7934E-1	-9.8700E+2
-4.7922E-1	6.2134E-1	-4.7922E-1	-3.5200E+2
-4.7897E-1	6.2329E-1	-4.7897E-1	-6.5000E+1
-4.7885E-1	6.2378E-1	-4.7885E-1	-9.2300E+2
-4.7873E-1	6.2598E-1	-4.7873E-1	-9.5100E+2
-4.7848E-1	6.2646E-1	-4.7848E-1	-4.8400E+2
-4.7836E-1	6.2891E-1	-4.7836E-1	-7.9700E+2
-4.7824E-1	6.3013E-1	-4.7824E-1	-1.1080E+3
-4.7800E-1	6.3232E-1	-4.7800E-1	-1.1370E+3
-4.7787E-1	6.3550E-1	-4.7787E-1	-9.4400E+2
-4.7775E-1	6.3623E-1	-4.7775E-1	-1.2810E+3
-4.7763E-1	6.4331E-1	-4.7763E-1	-2.1760E+3
-4.7751E-1	6.4502E-1	-4.7751E-1	-1.5870E+3
-4.7726E-1	6.4795E-1	-4.7726E-1	-1.7290E+3
-4.7714E-1	6.4990E-1	-4.7714E-1	-2.5650E+3
-4.7702E-1	6.5527E-1	-4.7702E-1	-2.6670E+3
-4.7677E-1	6.5747E-1	-4.7677E-1	-3.0460E+3
-4.7665E-1	6.6455E-1	-4.7665E-1	-2.7860E+3
-4.7653E-1	6.6748E-1	-4.7653E-1	-3.5550E+3
-4.7629E-1	6.7725E-1	-4.7629E-1	-3.5730E+3
-4.7616E-1	6.8896E-1	-4.7616E-1	-3.4740E+3
-4.7604E-1	6.9189E-1	-4.7604E-1	-4.1230E+3
-4.7592E-1	7.0166E-1	-4.7592E-1	-4.4800E+3
-4.7568E-1	7.1021E-1	-4.7568E-1	-3.7600E+3
-4.7555E-1	7.1655E-1	-4.7555E-1	-2.6570E+3
-4.7543E-1	7.1875E-1	-4.7543E-1	-1.7710E+3
-4.7531E-1	7.2144E-1	-4.7531E-1	-1.2450E+3
-4.7507E-1	7.2192E-1	-4.7507E-1	-6.9300E+2
-4.7494E-1	7.2290E-1	-4.7494E-1	2.8100E+2
-4.7482E-1	7.1997E-1	-4.7482E-1	1.5900E+3
-4.7458E-1	7.1338E-1	-4.7458E-1	2.0960E+3
-4.7446E-1	7.0605E-1	-4.7446E-1	3.1950E+3
-4.7433E-1	6.9263E-1	-4.7433E-1	3.7450E+3
-4.7421E-1	6.7676E-1	-4.7421E-1	3.5810E+3
-4.7397E-1	6.7090E-1	-4.7397E-1	3.4240E+3
-4.7384E-1	6.6309E-1	-4.7384E-1	3.2040E+3
-4.7372E-1	6.5601E-1	-4.7372E-1	2.8400E+3
-4.7360E-1	6.4941E-1	-4.7360E-1	2.3810E+3
-4.7336E-1	6.4722E-1	-4.7336E-1	2.9460E+3
-4.7323E-1	6.4185E-1	-4.7323E-1	2.5250E+3
-4.7311E-1	6.4014E-1	-4.7311E-1	2.3780E+3
-4.7287E-1	6.3281E-1	-4.7287E-1	1.8800E+3
-4.7275E-1	6.2866E-1	-4.7275E-1	1.5980E+3
-4.7262E-1	6.2305E-1	-4.7262E-1	1.5450E+3
-4.7250E-1	6.1719E-1	-4.7250E-1	1.1670E+3
-4.7226E-1	6.1377E-1	-4.7226E-1	7.0600E+2
-4.7214E-1	6.1035E-1	-4.7214E-1	9.0300E+2
-4.7201E-1	6.0938E-1	-4.7201E-1	1.1660E+3
-4.7189E-1	6.0571E-1	-4.7189E-1	1.1860E+3
-4.7165E-1	6.0254E-1	-4.7165E-1	6.1700E+2
-4.7153E-1	6.0181E-1	-4.7153E-1	7.6200E+2
-4.7140E-1	6.0425E-1	-4.7140E-1	9.2100E+2
-4.7116E-1	5.9961E-1	-4.7116E-1	4.2200E+2
-4.7104E-1	5.9790E-1	-4.7104E-1	3.0700E+2
-4.7091E-1	5.9595E-1	-4.7091E-1	2.1400E+2
-4.7079E-1	5.9375E-1	-4.7079E-1	1.0700E+2
-4.7055E-1	5.9302E-1	-4.7055E-1	3.8900E+2
-4.7043E-1	5.9058E-1	-4.7043E-1	4.7800E+2
-4.7030E-1	5.8765E-1	-4.7030E-1	1.0790E+3
-4.7006E-1	5.8716E-1	-4.7006E-1	1.5200E+2
-4.6994E-1	5.8691E-1	-4.6994E-1	-2.9900E+2
-4.6982E-1	5.8643E-1	-4.6982E-1	-1.5500E+2
-4.6969E-1	5.8594E-1	-4.6969E-1	2.2300E+2
-4.6945E-1	5.8447E-1	-4.6945E-1	2.9100E+2
-4.6933E-1	5.8252E-1	-4.6933E-1	1.2500E+2
-4.6921E-1	5.8276E-1	-4.6921E-1	3.3900E+2
-4.6908E-1	5.8130E-1	-4.6908E-1	1.6700E+2
-4.6884E-1	5.7886E-1	-4.6884E-1	1.5900E+2
-4.6872E-1	5.8008E-1	-4.6872E-1	4.2900E+2
-4.6860E-1	5.7764E-1	-4.6860E-1	4.0700E+2
-4.6835E-1	5.7666E-1	-4.6835E-1	-1.9200E+2
-4.6823E-1	5.7495E-1	-4.6823E-1	2.4100E+2
-4.6811E-1	5.7593E-1	-4.6811E-1	2.7600E+2
-4.6799E-1	5.7471E-1	-4.6799E-1	9.0900E+2
-4.6774E-1	5.7373E-1	-4.6774E-1	3.0100E+2
-4.6762E-1	5.7373E-1	-4.6762E-1	2.1400E+2
-4.6750E-1	5.7129E-1	-4.6750E-1	-4.8000E+1
-4.6737E-1	5.7178E-1	-4.6737E-1	3.9000E+2
-4.6713E-1	5.7080E-1	-4.6713E-1	2.2000E+2
-4.6701E-1	5.6958E-1	-4.6701E-1	-2.0300E+2
-4.6689E-1	5.6982E-1	-4.6689E-1	-4.3000E+2
-4.6664E-1	5.7056E-1	-4.6664E-1	3.2000E+1
-4.6652E-1	5.6812E-1	-4.6652E-1	3.5200E+2
-4.6640E-1	5.6860E-1	-4.6640E-1	-1.5900E+2
-4.6628E-1	5.6543E-1	-4.6628E-1	-9.9000E+1
-4.6603E-1	5.6494E-1	-4.6603E-1	-4.2500E+2
-4.6591E-1	5.6641E-1	-4.6591E-1	-1.5000E+2
-4.6579E-1	5.6445E-1	-4.6579E-1	1.8300E+2
-4.6567E-1	5.6543E-1	-4.6567E-1	-1.0500E+2
-4.6542E-1	5.6543E-1	-4.6542E-1	-4.1200E+2
-4.6530E-1	5.6519E-1	-4.6530E-1	1.9800E+2
-4.6518E-1	5.6372E-1	-4.6518E-1	-3.3200E+2
-4.6493E-1	5.6177E-1	-4.6493E-1	-4.2100E+2
-4.6481E-1	5.6201E-1	-4.6481E-1	-6.4700E+2
-4.6469E-1	5.6274E-1	-4.6469E-1	6.5200E+2
-4.6457E-1	5.6177E-1	-4.6457E-1	2.5800E+2
-4.6432E-1	5.6152E-1	-4.6432E-1	-8.6000E+1
-4.6420E-1	5.6226E-1	-4.6420E-1	4.4500E+2
-4.6408E-1	5.6055E-1	-4.6408E-1	-1.0700E+2
-4.6396E-1	5.5811E-1	-4.6396E-1	1.7800E+2
-4.6371E-1	5.6152E-1	-4.6371E-1	-1.2800E+2
-4.6359E-1	5.5957E-1	-4.6359E-1	2.4000E+2
-4.6347E-1	5.5957E-1	-4.6347E-1	4.5100E+2
-4.6322E-1	5.5908E-1	-4.6322E-1	-1.0200E+2
-4.6310E-1	5.5786E-1	-4.6310E-1	-3.2000E+1
-4.6298E-1	5.5884E-1	-4.6298E-1	-2.0800E+2
-4.6286E-1	5.5981E-1	-4.6286E-1	-6.4000E+1
-4.6261E-1	5.5908E-1	-4.6261E-1	4.2900E+2
-4.6249E-1	5.5688E-1	-4.6249E-1	1.1200E+2
-4.6237E-1	5.5664E-1	-4.6237E-1	-3.8700E+2
-4.6225E-1	5.5688E-1	-4.6225E-1	-1.0300E+2
-4.6200E-1	5.5542E-1	-4.6200E-1	-7.6900E+2
-4.6188E-1	5.5688E-1	-4.6188E-1	4.0900E+2
-4.6176E-1	5.5640E-1	-4.6176E-1	-7.7000E+1
-4.6151E-1	5.5469E-1	-4.6151E-1	1.2600E+2
-4.6139E-1	5.5542E-1	-4.6139E-1	-3.1800E+2
-4.6127E-1	5.5493E-1	-4.6127E-1	-3.2200E+2
-4.6103E-1	5.5347E-1	-4.6103E-1	2.4500E+2
-4.6090E-1	5.5713E-1	-4.6090E-1	-6.0900E+2
-4.6078E-1	5.5566E-1	-4.6078E-1	-6.6000E+1
-4.6066E-1	5.5249E-1	-4.6066E-1	-5.6700E+2
-4.6054E-1	5.5371E-1	-4.6054E-1	-1.8700E+2
-4.6029E-1	5.5444E-1	-4.6029E-1	-7.4000E+2
-4.6017E-1	5.5371E-1	-4.6017E-1	-3.9000E+1
-4.6005E-1	5.5420E-1	-4.6005E-1	1.5000E+2
-4.5981E-1	5.5322E-1	-4.5981E-1	-6.5200E+2
-4.5968E-1	5.5249E-1	-4.5968E-1	-7.2000E+1
-4.5956E-1	5.5225E-1	-4.5956E-1	-1.6100E+2
-4.5932E-1	5.5200E-1	-4.5932E-1	-1.9800E+2
-4.5920E-1	5.5322E-1	-4.5920E-1	-6.8500E+2
-4.5907E-1	5.5347E-1	-4.5907E-1	1.2800E+2
-4.5895E-1	5.5151E-1	-4.5895E-1	8.3500E+2
-4.5871E-1	5.5298E-1	-4.5871E-1	-2.7900E+2
-4.5859E-1	5.5396E-1	-4.5859E-1	4.1000E+1
-4.5846E-1	5.5176E-1	-4.5846E-1	9.2000E+1
-4.5834E-1	5.5127E-1	-4.5834E-1	-7.7000E+1
-4.5810E-1	5.5151E-1	-4.5810E-1	-3.5800E+2
-4.5797E-1	5.5176E-1	-4.5797E-1	-5.0700E+2
-4.5785E-1	5.5103E-1	-4.5785E-1	-1.5800E+2
-4.5761E-1	5.5029E-1	-4.5761E-1	-2.0700E+2
-4.5749E-1	5.5151E-1	-4.5749E-1	-3.2300E+2
-4.5736E-1	5.5029E-1	-4.5736E-1	-1.3600E+2
-4.5724E-1	5.5054E-1	-4.5724E-1	-3.4700E+2
-4.5700E-1	5.4980E-1	-4.5700E-1	2.2300E+2
-4.5688E-1	5.4980E-1	-4.5688E-1	6.0300E+2
-4.5675E-1	5.5225E-1	-4.5675E-1	-5.3800E+2
-4.5663E-1	5.5029E-1	-4.5663E-1	3.9000E+1
-4.5639E-1	5.5225E-1	-4.5639E-1	-4.7600E+2
-4.5627E-1	5.5054E-1	-4.5627E-1	2.3400E+2
-4.5614E-1	5.5103E-1	-4.5614E-1	-1.0000E+1
-4.5590E-1	5.5200E-1	-4.5590E-1	-4.5800E+2
-4.5578E-1	5.5249E-1	-4.5578E-1	-2.1000E+2
-4.5566E-1	5.5054E-1	-4.5566E-1	-4.1600E+2
-4.5553E-1	5.5005E-1	-4.5553E-1	-2.7200E+2
-4.5529E-1	5.5127E-1	-4.5529E-1	6.3000E+1
-4.5517E-1	5.4907E-1	-4.5517E-1	-3.9200E+2
-4.5504E-1	5.5103E-1	-4.5504E-1	-3.1200E+2
-4.5492E-1	5.5103E-1	-4.5492E-1	-1.1240E+3
-4.5468E-1	5.5054E-1	-4.5468E-1	-6.2400E+2
-4.5456E-1	5.5005E-1	-4.5456E-1	-4.1600E+2
-4.5443E-1	5.5103E-1	-4.5443E-1	-1.2900E+2
-4.5419E-1	5.5103E-1	-4.5419E-1	-2.6900E+2
-4.5407E-1	5.5249E-1	-4.5407E-1	-3.6200E+2
-4.5395E-1	5.5151E-1	-4.5395E-1	-4.3600E+2
-4.5382E-1	5.4932E-1	-4.5382E-1	-2.4800E+2
-4.5358E-1	5.5396E-1	-4.5358E-1	6.1000E+1
-4.5346E-1	5.5249E-1	-4.5346E-1	-9.4200E+2
-4.5334E-1	5.5322E-1	-4.5334E-1	-5.4700E+2
-4.5321E-1	5.5298E-1	-4.5321E-1	-2.8800E+2
-4.5297E-1	5.5273E-1	-4.5297E-1	-3.8500E+2
-4.5285E-1	5.5469E-1	-4.5285E-1	-9.6800E+2
-4.5273E-1	5.5493E-1	-4.5273E-1	-9.0700E+2
-4.5248E-1	5.5762E-1	-4.5248E-1	-8.7500E+2
-4.5236E-1	5.5591E-1	-4.5236E-1	-5.5900E+2
-4.5224E-1	5.5908E-1	-4.5224E-1	-1.0030E+3
-4.5211E-1	5.5933E-1	-4.5211E-1	-1.9000E+3
-4.5187E-1	5.6152E-1	-4.5187E-1	-1.6890E+3
-4.5175E-1	5.6177E-1	-4.5175E-1	-2.0240E+3
-4.5163E-1	5.6226E-1	-4.5163E-1	-1.7840E+3
-4.5138E-1	5.6567E-1	-4.5138E-1	-2.8320E+3
-4.5126E-1	5.7080E-1	-4.5126E-1	-2.6930E+3
-4.5114E-1	5.7129E-1	-4.5114E-1	-2.7810E+3
-4.5102E-1	5.7715E-1	-4.5102E-1	-3.5220E+3
-4.5077E-1	5.8545E-1	-4.5077E-1	-3.4070E+3
-4.5065E-1	5.8667E-1	-4.5065E-1	-3.0560E+3
-4.5053E-1	5.8960E-1	-4.5053E-1	-2.2270E+3
-4.5041E-1	5.9302E-1	-4.5041E-1	-2.0660E+3
-4.5016E-1	5.9375E-1	-4.5016E-1	1.1700E+2
-4.5004E-1	5.9204E-1	-4.5004E-1	5.9000E+2
-4.4992E-1	5.9326E-1	-4.4992E-1	1.4460E+3
-4.4967E-1	5.9106E-1	-4.4967E-1	1.6150E+3
-4.4955E-1	5.8936E-1	-4.4955E-1	2.3760E+3
-4.4943E-1	5.8862E-1	-4.4943E-1	2.5180E+3
-4.4931E-1	5.8350E-1	-4.4931E-1	2.5640E+3
-4.4906E-1	5.7935E-1	-4.4906E-1	2.9000E+3
-4.4894E-1	5.7349E-1	-4.4894E-1	2.8120E+3
-4.4882E-1	5.7007E-1	-4.4882E-1	2.0020E+3
-4.4870E-1	5.6665E-1	-4.4870E-1	1.3900E+3
-4.4845E-1	5.6616E-1	-4.4845E-1	1.2890E+3
-4.4833E-1	5.6372E-1	-4.4833E-1	6.4400E+2
-4.4821E-1	5.6177E-1	-4.4821E-1	5.9700E+2
-4.4796E-1	5.6177E-1	-4.4796E-1	-7.9000E+1
-4.4784E-1	5.6201E-1	-4.4784E-1	1.0350E+3
-4.4772E-1	5.5933E-1	-4.4772E-1	1.6800E+2
-4.4760E-1	5.6030E-1	-4.4760E-1	-3.4100E+2
-4.4735E-1	5.5957E-1	-4.4735E-1	6.7300E+2
-4.4723E-1	5.5762E-1	-4.4723E-1	9.9000E+1
-4.4711E-1	5.5786E-1	-4.4711E-1	-1.4400E+2
-4.4699E-1	5.5664E-1	-4.4699E-1	-6.6300E+2
-4.4674E-1	5.5640E-1	-4.4674E-1	3.4500E+2
-4.4662E-1	5.5591E-1	-4.4662E-1	1.1000E+2
-4.4650E-1	5.5640E-1	-4.4650E-1	9.4000E+1
-4.4626E-1	5.5542E-1	-4.4626E-1	-3.3400E+2
-4.4613E-1	5.5640E-1	-4.4613E-1	-3.2800E+2
-4.4601E-1	5.5640E-1	-4.4601E-1	3.5000E+2
-4.4589E-1	5.5664E-1	-4.4589E-1	1.0100E+2
-4.4564E-1	5.5518E-1	-4.4564E-1	-6.6900E+2
-4.4552E-1	5.5371E-1	-4.4552E-1	-3.5600E+2
-4.4540E-1	5.5591E-1	-4.4540E-1	-8.0400E+2
-4.4528E-1	5.5688E-1	-4.4528E-1	-6.4900E+2
-4.4503E-1	5.5615E-1	-4.4503E-1	-2.7000E+2
-4.4491E-1	5.5444E-1	-4.4491E-1	-3.4900E+2
-4.4479E-1	5.5396E-1	-4.4479E-1	-1.7000E+2
-4.4455E-1	5.5518E-1	-4.4455E-1	-5.7000E+2
-4.4442E-1	5.5542E-1	-4.4442E-1	-2.9400E+2
-4.4430E-1	5.5518E-1	-4.4430E-1	-5.9600E+2
-4.4418E-1	5.5640E-1	-4.4418E-1	-2.4700E+2
-4.4394E-1	5.5615E-1	-4.4394E-1	-1.0840E+3
-4.4381E-1	5.5713E-1	-4.4381E-1	-3.4500E+2
-4.4369E-1	5.5737E-1	-4.4369E-1	-8.8500E+2
-4.4357E-1	5.5640E-1	-4.4357E-1	2.8000E+1
-4.4333E-1	5.5640E-1	-4.4333E-1	-3.6900E+2
-4.4320E-1	5.5664E-1	-4.4320E-1	5.0000E+1
-4.4308E-1	5.5615E-1	-4.4308E-1	-2.8800E+2
-4.4284E-1	5.5713E-1	-4.4284E-1	-8.5700E+2
-4.4272E-1	5.5811E-1	-4.4272E-1	-6.2400E+2
-4.4259E-1	5.5713E-1	-4.4259E-1	-7.1400E+2
-4.4247E-1	5.5859E-1	-4.4247E-1	-8.5300E+2
-4.4223E-1	5.5786E-1	-4.4223E-1	-2.1200E+2
-4.4210E-1	5.5811E-1	-4.4210E-1	-5.2300E+2
-4.4198E-1	5.5737E-1	-4.4198E-1	-3.1400E+2
-4.4174E-1	5.5786E-1	-4.4174E-1	-2.8500E+2
-4.4162E-1	5.5957E-1	-4.4162E-1	-6.1100E+2
-4.4149E-1	5.5981E-1	-4.4149E-1	-4.2900E+2
-4.4137E-1	5.5859E-1	-4.4137E-1	-1.2920E+3
-4.4113E-1	5.6177E-1	-4.4113E-1	-4.1200E+2
-4.4101E-1	5.5981E-1	-4.4101E-1	-7.9400E+2
-4.4088E-1	5.6177E-1	-4.4088E-1	5.8900E+2
-4.4064E-1	5.6177E-1	-4.4064E-1	-2.4500E+2
-4.4052E-1	5.6128E-1	-4.4052E-1	-4.3400E+2
-4.4040E-1	5.6128E-1	-4.4040E-1	-8.8200E+2
-4.4027E-1	5.5957E-1	-4.4027E-1	-8.7500E+2
-4.4003E-1	5.5981E-1	-4.4003E-1	-5.9100E+2
-4.3991E-1	5.6177E-1	-4.3991E-1	-6.4000E+1
-4.3979E-1	5.6226E-1	-4.3979E-1	-7.0200E+2
-4.3966E-1	5.6250E-1	-4.3966E-1	-1.0790E+3
-4.3942E-1	5.6348E-1	-4.3942E-1	-6.7100E+2
-4.3930E-1	5.6348E-1	-4.3930E-1	-3.5800E+2
-4.3917E-1	5.6348E-1	-4.3917E-1	-6.0200E+2
-4.3893E-1	5.6421E-1	-4.3893E-1	-4.8000E+2
-4.3881E-1	5.6494E-1	-4.3881E-1	-6.9700E+2
-4.3869E-1	5.6543E-1	-4.3869E-1	-2.8100E+2
-4.3856E-1	5.6616E-1	-4.3856E-1	-5.4200E+2
-4.3832E-1	5.6494E-1	-4.3832E-1	-3.4100E+2
-4.3820E-1	5.6494E-1	-4.3820E-1	-3.1100E+2
-4.3808E-1	5.6689E-1	-4.3808E-1	-7.8200E+2
-4.3795E-1	5.6763E-1	-4.3795E-1	-8.6000E+2
-4.3771E-1	5.6567E-1	-4.3771E-1	-2.8700E+2
-4.3759E-1	5.6836E-1	-4.3759E-1	-1.0350E+3
-4.3747E-1	5.6665E-1	-4.3747E-1	-6.0000E+2
-4.3722E-1	5.6885E-1	-4.3722E-1	-2.1100E+2
-4.3710E-1	5.6934E-1	-4.3710E-1	-5.6900E+2
-4.3698E-1	5.6958E-1	-4.3698E-1	-8.4000E+2
-4.3686E-1	5.6885E-1	-4.3686E-1	-8.7500E+2
-4.3661E-1	5.7007E-1	-4.3661E-1	-9.8800E+2
-4.3649E-1	5.6958E-1	-4.3649E-1	-1.8100E+2
-4.3637E-1	5.6934E-1	-4.3637E-1	-5.3800E+2
-4.3624E-1	5.7031E-1	-4.3624E-1	-3.9800E+2
-4.3600E-1	5.7129E-1	-4.3600E-1	-5.5600E+2
-4.3588E-1	5.7227E-1	-4.3588E-1	-5.1800E+2
-4.3576E-1	5.7275E-1	-4.3576E-1	-3.7100E+2
-4.3551E-1	5.7251E-1	-4.3551E-1	-8.2500E+2
-4.3539E-1	5.7373E-1	-4.3539E-1	-9.1300E+2
-4.3527E-1	5.7495E-1	-4.3527E-1	-5.0900E+2
-4.3515E-1	5.7324E-1	-4.3515E-1	-5.7600E+2
-4.3490E-1	5.7471E-1	-4.3490E-1	-8.2900E+2
-4.3478E-1	5.7593E-1	-4.3478E-1	-7.9700E+2
-4.3466E-1	5.7642E-1	-4.3466E-1	-7.8700E+2
-4.3441E-1	5.7715E-1	-4.3441E-1	-5.8700E+2
-4.3429E-1	5.7764E-1	-4.3429E-1	-5.4000E+2
-4.3417E-1	5.7593E-1	-4.3417E-1	-1.3000E+2
-4.3405E-1	5.7813E-1	-4.3405E-1	-5.6200E+2
-4.3380E-1	5.7837E-1	-4.3380E-1	-7.2000E+1
-4.3368E-1	5.7764E-1	-4.3368E-1	-5.4000E+2
-4.3356E-1	5.7837E-1	-4.3356E-1	-8.2400E+2
-4.3344E-1	5.7910E-1	-4.3344E-1	-7.1900E+2
-4.3319E-1	5.7837E-1	-4.3319E-1	-1.2470E+3
-4.3307E-1	5.8130E-1	-4.3307E-1	-9.6000E+2
-4.3295E-1	5.8057E-1	-4.3295E-1	-1.0570E+3
-4.3270E-1	5.8032E-1	-4.3270E-1	-5.1600E+2
-4.3258E-1	5.8032E-1	-4.3258E-1	-1.5200E+2
-4.3246E-1	5.8130E-1	-4.3246E-1	-9.5700E+2
-4.3234E-1	5.8350E-1	-4.3234E-1	-8.5900E+2
-4.3209E-1	5.8154E-1	-4.3209E-1	-7.1100E+2
-4.3197E-1	5.8374E-1	-4.3197E-1	-9.6900E+2
-4.3185E-1	5.8398E-1	-4.3185E-1	-5.9900E+2
-4.3173E-1	5.8423E-1	-4.3173E-1	-1.2040E+3
-4.3148E-1	5.8545E-1	-4.3148E-1	-6.0400E+2
-4.3136E-1	5.8569E-1	-4.3136E-1	-3.6100E+2
-4.3124E-1	5.8618E-1	-4.3124E-1	-6.3700E+2
-4.3100E-1	5.8740E-1	-4.3100E-1	-7.9000E+2
-4.3087E-1	5.8667E-1	-4.3087E-1	-1.4500E+2
-4.3075E-1	5.8936E-1	-4.3075E-1	-2.8700E+2
-4.3063E-1	5.8813E-1	-4.3063E-1	-7.4900E+2
-4.3039E-1	5.8765E-1	-4.3039E-1	-9.6600E+2
-4.3026E-1	5.8838E-1	-4.3026E-1	-1.1000E+3
-4.3014E-1	5.9009E-1	-4.3014E-1	-3.6300E+2
-4.3002E-1	5.9009E-1	-4.3002E-1	-1.2460E+3
-4.2977E-1	5.9180E-1	-4.2977E-1	-9.6400E+2
-4.2965E-1	5.9131E-1	-4.2965E-1	-9.7100E+2
-4.2953E-1	5.9229E-1	-4.2953E-1	-1.1570E+3
-4.2929E-1	5.9277E-1	-4.2929E-1	-8.3300E+2
-4.2916E-1	5.9326E-1	-4.2916E-1	-7.8100E+2
-4.2904E-1	5.9302E-1	-4.2904E-1	-3.8900E+2
-4.2892E-1	5.9399E-1	-4.2892E-1	-5.6300E+2
-4.2868E-1	5.9497E-1	-4.2868E-1	-1.5200E+2
-4.2855E-1	5.9521E-1	-4.2855E-1	-3.7900E+2
-4.2843E-1	5.9644E-1	-4.2843E-1	-7.7800E+2
-4.2831E-1	5.9644E-1	-4.2831E-1	-1.1660E+3
-4.2807E-1	5.9595E-1	-4.2807E-1	-1.1010E+3
-4.2794E-1	5.9717E-1	-4.2794E-1	-1.0680E+3
-4.2782E-1	5.9814E-1	-4.2782E-1	-6.0900E+2
-4.2758E-1	5.9814E-1	-4.2758E-1	-5.8000E+2
-4.2746E-1	6.0083E-1	-4.2746E-1	-4.9300E+2
-4.2733E-1	6.0107E-1	-4.2733E-1	-6.2300E+2
-4.2721E-1	6.0083E-1	-4.2721E-1	-4.6900E+2
-4.2697E-1	6.0059E-1	-4.2697E-1	-1.4230E+3
-4.2684E-1	6.0156E-1	-4.2684E-1	-5.5000E+1
-4.2672E-1	6.0229E-1	-4.2672E-1	-1.9200E+2
-4.2660E-1	6.0278E-1	-4.2660E-1	-4.2800E+2
-4.2636E-1	6.0474E-1	-4.2636E-1	-8.6800E+2
-4.2623E-1	6.0327E-1	-4.2623E-1	-5.1300E+2
-4.2611E-1	6.0376E-1	-4.2611E-1	-1.3250E+3
-4.2587E-1	6.0474E-1	-4.2587E-1	-9.8600E+2
-4.2575E-1	6.0522E-1	-4.2575E-1	-6.4200E+2
-4.2562E-1	6.0620E-1	-4.2562E-1	-9.3200E+2
-4.2550E-1	6.0767E-1	-4.2550E-1	-3.5800E+2
-4.2526E-1	6.0693E-1	-4.2526E-1	-7.6000E+2
-4.2514E-1	6.0840E-1	-4.2514E-1	-2.8500E+2
-4.2501E-1	6.0791E-1	-4.2501E-1	-8.9800E+2
-4.2489E-1	6.1084E-1	-4.2489E-1	-7.2700E+2
-4.2465E-1	6.1011E-1	-4.2465E-1	-7.0400E+2
-4.2453E-1	6.0986E-1	-4.2453E-1	-1.0370E+3
-4.2440E-1	6.1035E-1	-4.2440E-1	-8.2600E+2
-4.2416E-1	6.1279E-1	-4.2416E-1	-1.1590E+3
-4.2404E-1	6.1279E-1	-4.2404E-1	-5.2200E+2
-4.2392E-1	6.1353E-1	-4.2392E-1	-3.7400E+2
-4.2379E-1	6.1499E-1	-4.2379E-1	-7.0200E+2
-4.2355E-1	6.1597E-1	-4.2355E-1	-5.3600E+2
-4.2343E-1	6.1548E-1	-4.2343E-1	-8.5100E+2
-4.2330E-1	6.1597E-1	-4.2330E-1	-8.3500E+2
-4.2306E-1	6.1670E-1	-4.2306E-1	-3.3200E+2
-4.2294E-1	6.1719E-1	-4.2294E-1	-9.6200E+2
-4.2282E-1	6.1646E-1	-4.2282E-1	-1.1460E+3
-4.2269E-1	6.1865E-1	-4.2269E-1	-9.9300E+2
-4.2245E-1	6.1792E-1	-4.2245E-1	-7.0900E+2
-4.2233E-1	6.1890E-1	-4.2233E-1	-2.7800E+2
-4.2221E-1	6.2012E-1	-4.2221E-1	-9.5900E+2
-4.2208E-1	6.2207E-1	-4.2208E-1	-8.4200E+2
-4.2184E-1	6.2183E-1	-4.2184E-1	-9.5000E+2
-4.2172E-1	6.2183E-1	-4.2172E-1	-7.4000E+2
-4.2160E-1	6.2256E-1	-4.2160E-1	-9.6800E+2
-4.2135E-1	6.2207E-1	-4.2135E-1	-6.4400E+2
-4.2123E-1	6.2158E-1	-4.2123E-1	-2.3200E+2
-4.2111E-1	6.2427E-1	-4.2111E-1	-6.4700E+2
-4.2099E-1	6.2646E-1	-4.2099E-1	-8.2200E+2
-4.2074E-1	6.2354E-1	-4.2074E-1	-1.1080E+3
-4.2062E-1	6.2842E-1	-4.2062E-1	-9.7300E+2
-4.2050E-1	6.2720E-1	-4.2050E-1	-1.5300E+3
-4.2037E-1	6.2891E-1	-4.2037E-1	-9.5800E+2
-4.2013E-1	6.2769E-1	-4.2013E-1	-1.3880E+3
-4.2001E-1	6.2915E-1	-4.2001E-1	-4.9100E+2
-4.1989E-1	6.3037E-1	-4.1989E-1	-4.7200E+2
-4.1964E-1	6.2915E-1	-4.1964E-1	-6.4900E+2
-4.1952E-1	6.3208E-1	-4.1952E-1	-2.4700E+2
-4.1940E-1	6.3208E-1	-4.1940E-1	-1.1880E+3
-4.1928E-1	6.3232E-1	-4.1928E-1	-1.2010E+3
-4.1903E-1	6.3403E-1	-4.1903E-1	-3.8200E+2
-4.1891E-1	6.3403E-1	-4.1891E-1	-1.2340E+3
-4.1879E-1	6.3574E-1	-4.1879E-1	-7.0700E+2
-4.1867E-1	6.3525E-1	-4.1867E-1	-1.2080E+3
-4.1842E-1	6.3354E-1	-4.1842E-1	-1.7900E+2
-4.1830E-1	6.3696E-1	-4.1830E-1	-7.2200E+2
-4.1818E-1	6.3647E-1	-4.1818E-1	-6.6000E+2
-4.1793E-1	6.3843E-1	-4.1793E-1	-8.1100E+2
-4.1781E-1	6.3892E-1	-4.1781E-1	-9.8200E+2
-4.1769E-1	6.4063E-1	-4.1769E-1	-6.0200E+2
-4.1744E-1	6.4087E-1	-4.1744E-1	-8.1500E+2
-4.1732E-1	6.4209E-1	-4.1732E-1	-7.9300E+2
-4.1720E-1	6.4160E-1	-4.1720E-1	-6.6900E+2
-4.1708E-1	6.4307E-1	-4.1708E-1	-7.8200E+2
-4.1696E-1	6.4307E-1	-4.1696E-1	-9.8600E+2
-4.1671E-1	6.4185E-1	-4.1671E-1	-9.7700E+2
-4.1659E-1	6.4551E-1	-4.1659E-1	-8.6200E+2
-4.1647E-1	6.4722E-1	-4.1647E-1	-8.7100E+2
-4.1622E-1	6.4624E-1	-4.1622E-1	-4.5600E+2
-4.1610E-1	6.4624E-1	-4.1610E-1	-9.1000E+2
-4.1598E-1	6.4795E-1	-4.1598E-1	-8.4000E+2
-4.1574E-1	6.4868E-1	-4.1574E-1	-1.2330E+3
-4.1561E-1	6.4990E-1	-4.1561E-1	-1.0110E+3
-4.1549E-1	6.5063E-1	-4.1549E-1	-6.0000E+2
-4.1537E-1	6.4941E-1	-4.1537E-1	-1.0200E+3
-4.1513E-1	6.4990E-1	-4.1513E-1	-9.6100E+2
-4.1500E-1	6.5381E-1	-4.1500E-1	-1.1990E+3
-4.1488E-1	6.5234E-1	-4.1488E-1	-6.9900E+2
-4.1476E-1	6.5259E-1	-4.1476E-1	-7.3300E+2
-4.1452E-1	6.5479E-1	-4.1452E-1	-1.5660E+3
-4.1439E-1	6.5356E-1	-4.1439E-1	-1.0810E+3
-4.1427E-1	6.5527E-1	-4.1427E-1	-7.0200E+2
-4.1403E-1	6.5576E-1	-4.1403E-1	-6.4200E+2
-4.1390E-1	6.5723E-1	-4.1390E-1	-1.0280E+3
-4.1378E-1	6.5747E-1	-4.1378E-1	-8.8400E+2
-4.1366E-1	6.5747E-1	-4.1366E-1	-1.2210E+3
-4.1342E-1	6.5845E-1	-4.1342E-1	-8.2200E+2
-4.1329E-1	6.5869E-1	-4.1329E-1	-1.0080E+3
-4.1317E-1	6.6089E-1	-4.1317E-1	-1.2080E+3
-4.1305E-1	6.6016E-1	-4.1305E-1	-1.0150E+3
-4.1281E-1	6.6138E-1	-4.1281E-1	-1.6410E+3
-4.1268E-1	6.6357E-1	-4.1268E-1	-8.5300E+2
-4.1256E-1	6.6260E-1	-4.1256E-1	-9.2400E+2
-4.1232E-1	6.6504E-1	-4.1232E-1	-8.3300E+2
-4.1220E-1	6.6504E-1	-4.1220E-1	-1.2060E+3
-4.1207E-1	6.6479E-1	-4.1207E-1	-9.1700E+2
-4.1195E-1	6.6602E-1	-4.1195E-1	-9.1300E+2
-4.1171E-1	6.6626E-1	-4.1171E-1	-8.8900E+2
-4.1159E-1	6.6748E-1	-4.1159E-1	-9.7900E+2
-4.1146E-1	6.6870E-1	-4.1146E-1	-6.7100E+2
-4.1134E-1	6.7139E-1	-4.1134E-1	-1.4390E+3
-4.1110E-1	6.7017E-1	-4.1110E-1	-4.1800E+2
-4.1097E-1	6.7114E-1	-4.1097E-1	-8.3500E+2
-4.1085E-1	6.7139E-1	-4.1085E-1	-6.7100E+2
-4.1061E-1	6.6968E-1	-4.1061E-1	-5.3000E+2
-4.1049E-1	6.7432E-1	-4.1049E-1	-6.6200E+2
-4.1036E-1	6.7358E-1	-4.1036E-1	-9.0600E+2
-4.1024E-1	6.7480E-1	-4.1024E-1	-1.5020E+3
-4.1000E-1	6.7456E-1	-4.1000E-1	-4.7400E+2
-4.0988E-1	6.7676E-1	-4.0988E-1	-1.0800E+3
-4.0975E-1	6.7871E-1	-4.0975E-1	-6.8200E+2
-4.0963E-1	6.7676E-1	-4.0963E-1	-8.4300E+2
-4.0939E-1	6.7822E-1	-4.0939E-1	-9.7700E+2
-4.0927E-1	6.7847E-1	-4.0927E-1	-9.7300E+2
-4.0914E-1	6.7993E-1	-4.0914E-1	-1.2770E+3
-4.0890E-1	6.7847E-1	-4.0890E-1	-3.0900E+2
-4.0878E-1	6.7847E-1	-4.0878E-1	-1.0700E+3
-4.0866E-1	6.8237E-1	-4.0866E-1	-9.3600E+2
-4.0853E-1	6.8213E-1	-4.0853E-1	-6.4200E+2
-4.0829E-1	6.8433E-1	-4.0829E-1	-1.2730E+3
-4.0817E-1	6.8481E-1	-4.0817E-1	-1.1520E+3
-4.0804E-1	6.8433E-1	-4.0804E-1	-1.1280E+3
-4.0792E-1	6.8506E-1	-4.0792E-1	-6.5100E+2
-4.0768E-1	6.8774E-1	-4.0768E-1	-9.2200E+2
-4.0756E-1	6.8799E-1	-4.0756E-1	-7.9900E+2
-4.0743E-1	6.8970E-1	-4.0743E-1	-4.9100E+2
-4.0719E-1	6.9019E-1	-4.0719E-1	-9.0400E+2
-4.0707E-1	6.8945E-1	-4.0707E-1	-1.2680E+3
-4.0695E-1	6.8896E-1	-4.0695E-1	-8.1100E+2
-4.0682E-1	6.9116E-1	-4.0682E-1	-9.5700E+2
-4.0658E-1	6.9043E-1	-4.0658E-1	-1.5270E+3
-4.0646E-1	6.9116E-1	-4.0646E-1	-1.4740E+3
-4.0634E-1	6.9238E-1	-4.0634E-1	-7.9000E+2
-4.0609E-1	6.9385E-1	-4.0609E-1	-7.8400E+2
-4.0597E-1	6.9800E-1	-4.0597E-1	-6.3100E+2
-4.0585E-1	6.9751E-1	-4.0585E-1	-9.2600E+2
-4.0573E-1	6.9604E-1	-4.0573E-1	-7.2900E+2
-4.0548E-1	6.9873E-1	-4.0548E-1	-1.3390E+3
-4.0536E-1	7.0044E-1	-4.0536E-1	-1.1570E+3
-4.0524E-1	7.0117E-1	-4.0524E-1	-1.0930E+3
-4.0512E-1	7.0190E-1	-4.0512E-1	-1.2620E+3
-4.0487E-1	7.0215E-1	-4.0487E-1	-1.0700E+3
-4.0475E-1	7.0313E-1	-4.0475E-1	-9.0800E+2
-4.0463E-1	7.0313E-1	-4.0463E-1	-9.1700E+2
-4.0438E-1	7.0508E-1	-4.0438E-1	-8.5300E+2
-4.0426E-1	7.0386E-1	-4.0426E-1	-1.0320E+3
-4.0414E-1	7.0508E-1	-4.0414E-1	-9.2000E+2
-4.0402E-1	7.0605E-1	-4.0402E-1	-4.1300E+2
-4.0377E-1	7.0728E-1	-4.0377E-1	-1.2300E+3
-4.0365E-1	7.0825E-1	-4.0365E-1	-1.6030E+3
-4.0353E-1	7.0850E-1	-4.0353E-1	-6.6700E+2
-4.0341E-1	7.0898E-1	-4.0341E-1	-8.5900E+2
-4.0316E-1	7.1069E-1	-4.0316E-1	-9.9900E+2
-4.0304E-1	7.1191E-1	-4.0304E-1	-1.4160E+3
-4.0292E-1	7.1094E-1	-4.0292E-1	-8.1800E+2
-4.0267E-1	7.1313E-1	-4.0267E-1	-8.3500E+2
-4.0255E-1	7.1313E-1	-4.0255E-1	-8.9300E+2
-4.0243E-1	7.1289E-1	-4.0243E-1	-1.2680E+3
-4.0231E-1	7.1558E-1	-4.0231E-1	-1.1210E+3
-4.0206E-1	7.1777E-1	-4.0206E-1	-7.6600E+2
-4.0194E-1	7.1704E-1	-4.0194E-1	-9.8600E+2
-4.0182E-1	7.1680E-1	-4.0182E-1	-1.1430E+3
-4.0170E-1	7.1777E-1	-4.0170E-1	-1.1550E+3
-4.0145E-1	7.1777E-1	-4.0145E-1	-6.5400E+2
-4.0133E-1	7.2021E-1	-4.0133E-1	-1.2100E+3
-4.0121E-1	7.1875E-1	-4.0121E-1	-9.9900E+2
-4.0096E-1	7.2119E-1	-4.0096E-1	-1.0480E+3
-4.0084E-1	7.2192E-1	-4.0084E-1	-9.2900E+2
-4.0072E-1	7.2290E-1	-4.0072E-1	-1.0150E+3
-4.0060E-1	7.2241E-1	-4.0060E-1	-1.3590E+3
-4.0035E-1	7.2363E-1	-4.0035E-1	-1.2680E+3
-4.0023E-1	7.2510E-1	-4.0023E-1	-1.2940E+3
-4.0011E-1	7.2534E-1	-4.0011E-1	-4.6000E+2
-3.9999E-1	7.2681E-1	-3.9999E-1	-1.1270E+3
-3.9974E-1	7.2632E-1	-3.9974E-1	-1.0530E+3
-3.9962E-1	7.2803E-1	-3.9962E-1	-9.6400E+2
-3.9950E-1	7.2729E-1	-3.9950E-1	-3.7800E+2
-3.9926E-1	7.2925E-1	-3.9926E-1	-1.3570E+3
-3.9913E-1	7.3022E-1	-3.9913E-1	-8.4300E+2
-3.9901E-1	7.3242E-1	-3.9901E-1	-1.2410E+3
-3.9877E-1	7.2998E-1	-3.9877E-1	-9.3000E+2
-3.9864E-1	7.3096E-1	-3.9864E-1	-1.3830E+3
-3.9852E-1	7.3120E-1	-3.9852E-1	-6.9100E+2
-3.9840E-1	7.3145E-1	-3.9840E-1	-1.3960E+3
-3.9828E-1	7.3340E-1	-3.9828E-1	-4.1000E+1
-3.9803E-1	7.3511E-1	-3.9803E-1	-8.5500E+2
-3.9791E-1	7.3413E-1	-3.9791E-1	-1.3970E+3
-3.9779E-1	7.3462E-1	-3.9779E-1	-6.4500E+2
-3.9755E-1	7.3682E-1	-3.9755E-1	-7.0200E+2
-3.9742E-1	7.3779E-1	-3.9742E-1	-1.4970E+3
-3.9730E-1	7.3877E-1	-3.9730E-1	-6.9100E+2
-3.9706E-1	7.3877E-1	-3.9706E-1	-1.7120E+3
-3.9694E-1	7.3950E-1	-3.9694E-1	-1.1660E+3
-3.9681E-1	7.4048E-1	-3.9681E-1	-1.1880E+3
-3.9669E-1	7.4072E-1	-3.9669E-1	-1.0170E+3
-3.9657E-1	7.3877E-1	-3.9657E-1	-5.2400E+2
-3.9633E-1	7.4146E-1	-3.9633E-1	-9.7300E+2
-3.9620E-1	7.4292E-1	-3.9620E-1	-9.3800E+2
-3.9608E-1	7.4219E-1	-3.9608E-1	-7.9800E+2
-3.9584E-1	7.4487E-1	-3.9584E-1	-3.5100E+2
-3.9572E-1	7.4463E-1	-3.9572E-1	-9.8800E+2
-3.9559E-1	7.4634E-1	-3.9559E-1	-1.2630E+3
-3.9535E-1	7.4756E-1	-3.9535E-1	-8.8900E+2
-3.9523E-1	7.4683E-1	-3.9523E-1	-7.9300E+2
-3.9510E-1	7.4780E-1	-3.9510E-1	-1.2970E+3
-3.9498E-1	7.5000E-1	-3.9498E-1	-8.8400E+2
-3.9474E-1	7.4878E-1	-3.9474E-1	-9.9300E+2
-3.9462E-1	7.4902E-1	-3.9462E-1	-2.0700E+2
-3.9449E-1	7.5098E-1	-3.9449E-1	-1.7000E+2
-3.9437E-1	7.5049E-1	-3.9437E-1	-9.2100E+2
-3.9413E-1	7.5220E-1	-3.9413E-1	-7.3500E+2
-3.9401E-1	7.5464E-1	-3.9401E-1	-1.1520E+3
-3.9388E-1	7.5269E-1	-3.9388E-1	-1.3120E+3
-3.9364E-1	7.5391E-1	-3.9364E-1	-5.4700E+2
-3.9352E-1	7.5635E-1	-3.9352E-1	-1.3680E+3
-3.9340E-1	7.5586E-1	-3.9340E-1	-1.2710E+3
-3.9327E-1	7.5586E-1	-3.9327E-1	-3.9800E+2
-3.9303E-1	7.5537E-1	-3.9303E-1	-6.9100E+2
-3.9291E-1	7.5708E-1	-3.9291E-1	-1.1520E+3
-3.9279E-1	7.5757E-1	-3.9279E-1	-8.5700E+2
-3.9266E-1	7.5952E-1	-3.9266E-1	-6.9100E+2
-3.9242E-1	7.5928E-1	-3.9242E-1	-1.2390E+3
-3.9230E-1	7.5977E-1	-3.9230E-1	-1.4170E+3
-3.9217E-1	7.6270E-1	-3.9217E-1	-8.7500E+2
-3.9193E-1	7.6245E-1	-3.9193E-1	-7.9300E+2
-3.9181E-1	7.6099E-1	-3.9181E-1	-8.4700E+2
-3.9169E-1	7.6392E-1	-3.9169E-1	-1.0570E+3
-3.9156E-1	7.6270E-1	-3.9156E-1	-1.0500E+3
-3.9132E-1	7.6367E-1	-3.9132E-1	-4.1400E+2
-3.9120E-1	7.6440E-1	-3.9120E-1	-1.0460E+3
-3.9108E-1	7.6440E-1	-3.9108E-1	-9.6700E+2
-3.9095E-1	7.6465E-1	-3.9095E-1	-1.1270E+3
-3.9071E-1	7.6587E-1	-3.9071E-1	-9.5200E+2
-3.9059E-1	7.6636E-1	-3.9059E-1	-1.0840E+3
-3.9047E-1	7.6538E-1	-3.9047E-1	-1.2650E+3
-3.9022E-1	7.6904E-1	-3.9022E-1	-8.9300E+2
-3.9010E-1	7.6855E-1	-3.9010E-1	-6.0700E+2
-3.8998E-1	7.6904E-1	-3.8998E-1	-6.6300E+2
-3.8986E-1	7.7197E-1	-3.8986E-1	-1.1440E+3
-3.8961E-1	7.7271E-1	-3.8961E-1	-1.4940E+3
-3.8949E-1	7.7148E-1	-3.8949E-1	-1.0660E+3
-3.8937E-1	7.7295E-1	-3.8937E-1	-8.5500E+2
-3.8912E-1	7.7148E-1	-3.8912E-1	-1.3970E+3
-3.8900E-1	7.7148E-1	-3.8900E-1	-1.6900E+3
-3.8888E-1	7.7197E-1	-3.8888E-1	-1.1020E+3
-3.8876E-1	7.7393E-1	-3.8876E-1	-6.4900E+2
-3.8851E-1	7.7466E-1	-3.8851E-1	-8.9000E+2
-3.8839E-1	7.7612E-1	-3.8839E-1	-4.1100E+2
-3.8827E-1	7.7563E-1	-3.8827E-1	-8.5000E+2
-3.8815E-1	7.7759E-1	-3.8815E-1	-3.2900E+2
-3.8790E-1	7.7954E-1	-3.8790E-1	-1.0950E+3
-3.8778E-1	7.7979E-1	-3.8778E-1	-1.2370E+3
-3.8766E-1	7.7808E-1	-3.8766E-1	-1.1200E+3
-3.8741E-1	7.7881E-1	-3.8741E-1	-1.0350E+3
-3.8729E-1	7.8101E-1	-3.8729E-1	-7.2700E+2
-3.8717E-1	7.8027E-1	-3.8717E-1	-1.1590E+3
-3.8705E-1	7.8223E-1	-3.8705E-1	-8.3800E+2
-3.8680E-1	7.7979E-1	-3.8680E-1	-9.0500E+2
-3.8668E-1	7.8027E-1	-3.8668E-1	-9.7900E+2
-3.8656E-1	7.8320E-1	-3.8656E-1	-1.2900E+3
-3.8644E-1	7.8271E-1	-3.8644E-1	-8.2000E+2
-3.8619E-1	7.8442E-1	-3.8619E-1	-5.6600E+2
-3.8607E-1	7.8369E-1	-3.8607E-1	-1.0640E+3
-3.8595E-1	7.8638E-1	-3.8595E-1	-4.8400E+2
-3.8570E-1	7.8540E-1	-3.8570E-1	-1.0430E+3
-3.8558E-1	7.8589E-1	-3.8558E-1	-1.5000E+2
-3.8546E-1	7.8760E-1	-3.8546E-1	-7.5500E+2
-3.8534E-1	7.8760E-1	-3.8534E-1	-9.7000E+2
-3.8509E-1	7.8760E-1	-3.8509E-1	-9.0000E+2
-3.8497E-1	7.8735E-1	-3.8497E-1	-9.0200E+2
-3.8485E-1	7.8784E-1	-3.8485E-1	-6.5100E+2
-3.8473E-1	7.8955E-1	-3.8473E-1	-5.6900E+2
-3.8448E-1	7.8955E-1	-3.8448E-1	-4.2500E+2
-3.8436E-1	7.9028E-1	-3.8436E-1	-6.5000E+1
-3.8424E-1	7.9028E-1	-3.8424E-1	-8.3800E+2
-3.8400E-1	7.9102E-1	-3.8400E-1	-3.7000E+2
-3.8387E-1	7.9272E-1	-3.8387E-1	-1.4770E+3
-3.8375E-1	7.9297E-1	-3.8375E-1	-1.0080E+3
-3.8363E-1	7.9321E-1	-3.8363E-1	-8.7100E+2
-3.8339E-1	7.9297E-1	-3.8339E-1	-4.8700E+2
-3.8326E-1	7.9346E-1	-3.8326E-1	-8.1600E+2
