Aux out [V]	Aux in [V]	PDH out [a.u.]
-9.9805E-1	9.2236E-1	-6.0900E+2
-9.9609E-1	9.1992E-1	-5.4500E+2
-9.9414E-1	9.2188E-1	-2.8100E+2
-9.9219E-1	9.1919E-1	-8.1600E+2
-9.9023E-1	9.2090E-1	-1.5000E+2
-9.8804E-1	9.1943E-1	-5.1900E+2
-9.8608E-1	9.2017E-1	3.9000E+1
-9.8413E-1	9.2065E-1	-2.7400E+2
-9.8218E-1	9.1992E-1	-8.1400E+2
-9.8022E-1	9.1943E-1	-5.2000E+1
-9.7803E-1	9.2139E-1	-9.5700E+2
-9.7607E-1	9.1895E-1	-7.0700E+2
-9.7412E-1	9.1821E-1	-5.0200E+2
-9.7217E-1	9.2017E-1	-9.2000E+1
-9.7021E-1	9.1870E-1	-4.0700E+2
-9.6826E-1	9.1919E-1	-6.1800E+2
-9.6606E-1	9.1968E-1	-6.3800E+2
-9.6411E-1	9.1943E-1	-7.2000E+2
-9.6216E-1	9.1895E-1	-9.5000E+1
-9.6020E-1	9.1846E-1	-3.4100E+2
-9.5825E-1	9.1724E-1	-5.2700E+2
-9.5605E-1	9.1895E-1	-6.4200E+2
-9.5410E-1	9.2065E-1	-1.6300E+2
-9.5215E-1	9.1870E-1	6.9000E+1
-9.5019E-1	9.1870E-1	-7.5000E+1
-9.4824E-1	9.1895E-1	1.7000E+2
-9.4629E-1	9.1772E-1	-1.5500E+2
-9.4409E-1	9.1821E-1	-1.0350E+3
-9.4214E-1	9.2017E-1	-5.5100E+2
-9.4018E-1	9.1821E-1	-1.8200E+2
-9.3823E-1	9.1968E-1	-6.0500E+2
-9.3628E-1	9.1870E-1	-2.1000E+1
-9.3408E-1	9.1699E-1	-8.2200E+2
-9.3212E-1	9.1919E-1	-7.8500E+2
-9.3017E-1	9.1968E-1	-6.1600E+2
-9.2822E-1	9.1895E-1	-2.1800E+2
-9.2627E-1	9.2017E-1	-5.1200E+2
-9.2431E-1	9.1895E-1	-7.3800E+2
-9.2211E-1	9.1748E-1	-5.1700E+2
-9.2016E-1	9.1919E-1	3.2000E+1
-9.1821E-1	9.1821E-1	-2.9900E+2
-9.1625E-1	9.1724E-1	-5.7000E+2
-9.1430E-1	9.1772E-1	-3.1200E+2
-9.1210E-1	9.1699E-1	-2.4100E+2
-9.1015E-1	9.1602E-1	-3.7800E+2
-9.0820E-1	9.1821E-1	-6.8700E+2
-9.0624E-1	9.1748E-1	-3.1200E+2
-9.0429E-1	9.1772E-1	-6.3400E+2
-9.0234E-1	9.1675E-1	-1.2600E+2
-9.0014E-1	9.1675E-1	-3.4500E+2
-8.9819E-1	9.1577E-1	-6.4700E+2
-8.9623E-1	9.1577E-1	-2.5300E+2
-8.9428E-1	9.1797E-1	-2.8500E+2
-8.9233E-1	9.1748E-1	-3.6300E+2
-8.9013E-1	9.1699E-1	-1.9000E+2
-8.8818E-1	9.1699E-1	-3.9200E+2
-8.8622E-1	9.1699E-1	-4.0100E+2
-8.8427E-1	9.1748E-1	-1.1130E+3
-8.8232E-1	9.1772E-1	6.6000E+1
-8.8036E-1	9.1797E-1	-3.8700E+2
-8.7817E-1	9.1675E-1	-3.0500E+2
-8.7621E-1	9.1699E-1	9.6000E+1
-8.7426E-1	9.1772E-1	-4.5800E+2
-8.7231E-1	9.1748E-1	-3.8300E+2
-8.7035E-1	9.1699E-1	1.6800E+2
-8.6816E-1	9.1675E-1	-2.4700E+2
-8.6620E-1	9.1528E-1	-5.5400E+2
-8.6425E-1	9.1626E-1	-5.9800E+2
-8.6230E-1	9.1602E-1	-3.6800E+2
-8.6034E-1	9.1675E-1	-3.6300E+2
-8.5839E-1	9.1626E-1	-7.4400E+2
-8.5619E-1	9.1650E-1	9.6000E+1
-8.5424E-1	9.1431E-1	-5.1200E+2
-8.5229E-1	9.1479E-1	-6.9800E+2
-8.5033E-1	9.1602E-1	-1.0800E+2
-8.4838E-1	9.1650E-1	-3.6300E+2
-8.4618E-1	9.1406E-1	-7.8000E+2
-8.4423E-1	9.1675E-1	1.1200E+2
-8.4228E-1	9.1626E-1	-2.5200E+2
-8.4032E-1	9.1431E-1	-7.4000E+2
-8.3837E-1	9.1675E-1	-9.2600E+2
-8.3642E-1	9.1455E-1	-3.2300E+2
-8.3422E-1	9.1504E-1	-2.7000E+2
-8.3227E-1	9.1431E-1	-5.1900E+2
-8.3031E-1	9.1431E-1	3.7000E+1
-8.2836E-1	9.1235E-1	-2.5400E+2
-8.2641E-1	9.1309E-1	-6.4700E+2
-8.2421E-1	9.1479E-1	-7.2700E+2
-8.2225E-1	9.1528E-1	7.3300E+2
-8.2030E-1	9.1406E-1	-3.8900E+2
-8.1835E-1	9.1504E-1	-2.0500E+2
-8.1640E-1	9.1333E-1	3.9600E+2
-8.1444E-1	9.1431E-1	-4.3400E+2
-8.1224E-1	9.1309E-1	2.0500E+2
-8.1029E-1	9.1284E-1	-5.5100E+2
-8.0834E-1	9.1333E-1	-5.3800E+2
-8.0638E-1	9.1235E-1	-6.8300E+2
-8.0443E-1	9.1211E-1	-2.8700E+2
-8.0223E-1	9.1382E-1	-3.0100E+2
-8.0028E-1	9.1357E-1	-6.4200E+2
-7.9833E-1	9.1455E-1	-3.9200E+2
-7.9637E-1	9.1260E-1	-8.2300E+2
-7.9442E-1	9.1284E-1	-5.9300E+2
-7.9247E-1	9.1431E-1	-6.2000E+2
-7.9027E-1	9.1187E-1	-7.1400E+2
-7.8832E-1	9.1382E-1	-5.5900E+2
-7.8636E-1	9.1309E-1	-7.3100E+2
-7.8441E-1	9.1113E-1	-2.7700E+2
-7.8246E-1	9.1138E-1	-1.0800E+2
-7.8026E-1	9.1333E-1	-7.8200E+2
-7.7831E-1	9.1162E-1	-5.5000E+1
-7.7635E-1	9.1187E-1	-2.2300E+2
-7.7440E-1	9.1235E-1	-4.2700E+2
-7.7245E-1	9.1187E-1	-5.0200E+2
-7.7049E-1	9.1382E-1	-1.4600E+2
-7.6830E-1	9.1187E-1	-6.4400E+2
-7.6634E-1	9.1333E-1	-1.0000E+1
-7.6439E-1	9.1113E-1	-3.7800E+2
-7.6244E-1	9.1162E-1	6.5000E+1
-7.6048E-1	9.1211E-1	-4.7000E+1
-7.5829E-1	9.1138E-1	-6.2200E+2
-7.5633E-1	9.1211E-1	-4.2500E+2
-7.5438E-1	9.1064E-1	-5.8300E+2
-7.5243E-1	9.1040E-1	-4.4600E+2
-7.5047E-1	9.1162E-1	-6.8500E+2
-7.4852E-1	9.1089E-1	-1.2500E+2
-7.4632E-1	9.1040E-1	-6.8000E+2
-7.4437E-1	9.1333E-1	-1.3200E+2
-7.4242E-1	9.1089E-1	2.1600E+2
-7.4046E-1	9.1064E-1	-1.3400E+2
-7.3851E-1	9.0820E-1	-6.2300E+2
-7.3631E-1	9.1040E-1	1.0000E+1
-7.3436E-1	9.1162E-1	-8.9300E+2
-7.3241E-1	9.1064E-1	-3.5200E+2
-7.3045E-1	9.1187E-1	-4.3000E+1
-7.2850E-1	9.1113E-1	-5.8000E+2
-7.2630E-1	9.0894E-1	-5.8700E+2
-7.2435E-1	9.1113E-1	-4.0000E+2
-7.2240E-1	9.0967E-1	-1.9200E+2
-7.2044E-1	9.1309E-1	-6.1100E+2
-7.1849E-1	9.1187E-1	1.0000E+0
-7.1654E-1	9.1040E-1	-1.2800E+2
-7.1434E-1	9.0942E-1	-1.7000E+2
-7.1238E-1	9.0967E-1	-5.6900E+2
-7.1043E-1	9.1089E-1	-5.0900E+2
-7.0848E-1	9.0918E-1	-6.4800E+2
-7.0653E-1	9.1138E-1	5.4000E+1
-7.0433E-1	9.0869E-1	7.9000E+1
-7.0237E-1	9.0967E-1	-7.1800E+2
-7.0042E-1	9.0991E-1	-5.2000E+1
-6.9847E-1	9.1040E-1	3.5100E+2
-6.9651E-1	9.0918E-1	-3.3400E+2
-6.9456E-1	9.0894E-1	-4.8700E+2
-6.9236E-1	9.0967E-1	-1.0190E+3
-6.9041E-1	9.0747E-1	-4.3900E+2
-6.8846E-1	9.0869E-1	-6.3600E+2
-6.8650E-1	9.0894E-1	-2.4800E+2
-6.8455E-1	9.0918E-1	-3.2000E+2
-6.8235E-1	9.0967E-1	-8.0500E+2
-6.8040E-1	9.0771E-1	-1.7000E+2
-6.7845E-1	9.0723E-1	-3.4200E+2
-6.7649E-1	9.0918E-1	-4.3100E+2
-6.7454E-1	9.0820E-1	-1.0880E+3
-6.7259E-1	9.0820E-1	-5.0700E+2
-6.7039E-1	9.0820E-1	-8.8000E+1
-6.6844E-1	9.0991E-1	-3.3000E+2
-6.6648E-1	9.0698E-1	-6.1600E+2
-6.6453E-1	9.0747E-1	-9.1100E+2
-6.6258E-1	9.0698E-1	-5.5800E+2
-6.6038E-1	9.0747E-1	-6.0900E+2
-6.5843E-1	9.0820E-1	-8.5500E+2
-6.5647E-1	9.0820E-1	-9.3300E+2
-6.5452E-1	9.0796E-1	-2.6100E+2
-6.5257E-1	9.0601E-1	-3.6300E+2
-6.5061E-1	9.0698E-1	-3.9900E+2
-6.4842E-1	9.0771E-1	-6.0500E+2
-6.4646E-1	9.0552E-1	-3.2300E+2
-6.4451E-1	9.0601E-1	-6.4000E+2
-6.4256E-1	9.0625E-1	-5.6700E+2
-6.4060E-1	9.0601E-1	-2.9400E+2
-6.3841E-1	9.0527E-1	-3.5600E+2
-6.3645E-1	9.0552E-1	-1.2300E+2
-6.3450E-1	9.0503E-1	-2.1400E+2
-6.3255E-1	9.0234E-1	-3.7700E+2
-6.3059E-1	9.0259E-1	-5.6100E+2
-6.2864E-1	9.0332E-1	2.7600E+2
-6.2644E-1	9.0283E-1	-3.5000E+2
-6.2449E-1	9.0210E-1	-4.5900E+2
-6.2254E-1	9.0308E-1	-2.6100E+2
-6.2058E-1	9.0161E-1	-8.7000E+1
-6.1863E-1	9.0039E-1	-2.1900E+2
-6.1643E-1	8.9893E-1	-6.5300E+2
-6.1448E-1	8.9844E-1	-1.6100E+2
-6.1253E-1	8.9941E-1	-2.9000E+2
-6.1057E-1	8.9746E-1	-5.2500E+2
-6.0862E-1	8.9648E-1	-1.3500E+2
-6.0667E-1	8.9648E-1	-3.2300E+2
-6.0447E-1	8.9575E-1	-7.2500E+2
-6.0251E-1	8.9258E-1	-6.2700E+2
-6.0056E-1	8.9160E-1	-1.3900E+2
-5.9861E-1	8.9014E-1	6.3100E+2
-5.9666E-1	8.8843E-1	1.3900E+2
-5.9446E-1	8.8672E-1	-2.7000E+1
-5.9250E-1	8.8452E-1	-4.7400E+2
-5.9055E-1	8.8281E-1	-7.8500E+2
-5.8860E-1	8.7964E-1	4.5600E+2
-5.8664E-1	8.7793E-1	-8.9800E+2
-5.8469E-1	8.7769E-1	-4.8500E+2
-5.8249E-1	8.7305E-1	-4.4500E+2
-5.8054E-1	8.7158E-1	1.2500E+2
-5.7859E-1	8.6938E-1	-5.7000E+2
-5.7663E-1	8.6499E-1	4.0500E+2
-5.7468E-1	8.6206E-1	-5.8500E+2
-5.7248E-1	8.5938E-1	-1.8300E+2
-5.7053E-1	8.5645E-1	1.1200E+2
-5.6858E-1	8.5107E-1	-1.0600E+2
-5.6662E-1	8.4790E-1	2.3400E+2
-5.6467E-1	8.4424E-1	3.0000E+0
-5.6272E-1	8.3984E-1	-1.1000E+2
-5.6052E-1	8.3716E-1	3.7800E+2
-5.5857E-1	8.2886E-1	-4.6000E+1
-5.5661E-1	8.2520E-1	2.3000E+1
-5.5466E-1	8.2129E-1	-3.7000E+1
-5.5271E-1	8.1519E-1	1.7400E+2
-5.5051E-1	8.1201E-1	1.0400E+2
-5.4856E-1	8.0444E-1	1.9400E+2
-5.4660E-1	7.9663E-1	2.4900E+2
-5.4465E-1	7.9248E-1	8.9500E+2
-5.4270E-1	7.8613E-1	1.4300E+2
-5.4074E-1	7.8125E-1	1.1300E+2
-5.3855E-1	7.7881E-1	1.2500E+2
-5.3659E-1	7.6782E-1	3.2000E+1
-5.3464E-1	7.6270E-1	-7.0000E+1
-5.3269E-1	7.5391E-1	1.0100E+2
-5.3073E-1	7.4780E-1	5.4200E+2
-5.2854E-1	7.4292E-1	6.4500E+2
-5.2658E-1	7.4048E-1	-3.1200E+2
-5.2463E-1	7.4219E-1	7.8000E+2
-5.2268E-1	7.2192E-1	6.3500E+2
-5.2072E-1	7.1045E-1	1.8200E+2
-5.1877E-1	7.0166E-1	2.4500E+2
-5.1657E-1	6.9458E-1	5.2400E+2
-5.1462E-1	6.8848E-1	2.5600E+2
-5.1267E-1	6.8604E-1	1.2000E+1
-5.1071E-1	6.8994E-1	4.3100E+2
-5.0876E-1	6.7090E-1	7.1500E+2
-5.0656E-1	6.5918E-1	5.2600E+2
-5.0461E-1	6.5430E-1	1.8500E+2
-5.0266E-1	6.5869E-1	-5.6700E+2
-5.0070E-1	6.9897E-1	-7.6600E+2
-4.9875E-1	6.4795E-1	1.4110E+3
-4.9680E-1	6.2891E-1	3.6900E+2
-4.9460E-1	6.1816E-1	2.4700E+2
-4.9264E-1	6.1401E-1	-4.2800E+2
-4.9069E-1	6.1597E-1	-7.7300E+2
-4.8874E-1	6.3208E-1	-1.6250E+3
-4.8679E-1	7.1729E-1	-2.2640E+3
-4.8459E-1	6.4307E-1	3.1570E+3
-4.8263E-1	5.9546E-1	9.4500E+2
-4.8068E-1	5.8081E-1	7.5500E+2
-4.7873E-1	5.6787E-1	2.7400E+2
-4.7677E-1	5.6079E-1	2.5100E+2
-4.7458E-1	5.5737E-1	-5.1200E+2
-4.7262E-1	5.5103E-1	1.1600E+2
-4.7067E-1	5.4810E-1	-4.4700E+2
-4.6872E-1	5.4761E-1	-1.7200E+2
-4.6676E-1	5.4883E-1	-1.5000E+2
-4.6481E-1	5.5054E-1	-9.7500E+2
-4.6261E-1	5.8521E-1	-2.4600E+3
-4.6066E-1	5.6079E-1	9.4200E+2
-4.5871E-1	5.5176E-1	-2.8600E+2
-4.5675E-1	5.5298E-1	-2.4800E+2
-4.5480E-1	5.5518E-1	7.4000E+1
-4.5260E-1	5.5859E-1	-3.4700E+2
-4.5065E-1	5.6274E-1	-8.0700E+2
-4.4870E-1	5.6763E-1	-7.9900E+2
-4.4674E-1	5.7349E-1	-4.7200E+2
-4.4479E-1	5.7861E-1	-3.0700E+2
-4.4284E-1	5.8667E-1	-6.6700E+2
-4.4064E-1	5.9351E-1	-8.7600E+2
-4.3869E-1	6.0156E-1	-3.6000E+1
-4.3673E-1	6.0986E-1	-7.5300E+2
-4.3478E-1	6.1841E-1	-1.4000E+2
-4.3283E-1	6.2866E-1	-5.1800E+2
-4.3063E-1	6.3574E-1	-1.2120E+3
-4.2868E-1	6.4697E-1	-9.2800E+2
-4.2672E-1	6.5674E-1	-3.9100E+2
-4.2477E-1	6.6577E-1	-4.4200E+2
-4.2282E-1	6.7871E-1	-8.0600E+2
-4.2086E-1	6.8677E-1	-5.0900E+2
-4.1867E-1	6.9531E-1	-7.7800E+2
-4.1671E-1	7.0728E-1	-1.3860E+3
-4.1476E-1	7.1729E-1	-1.8110E+3
-4.1281E-1	7.2656E-1	-5.4400E+2
-4.1085E-1	7.3584E-1	-8.5700E+2
-4.0866E-1	7.4438E-1	-9.9100E+2
-4.0670E-1	7.5537E-1	-6.1800E+2
-4.0475E-1	7.6392E-1	-6.3600E+2
-4.0280E-1	7.7197E-1	-1.0220E+3
-4.0084E-1	7.8027E-1	-7.6500E+2
-3.9889E-1	7.8833E-1	-2.9800E+2
-3.9669E-1	7.9565E-1	-8.4900E+2
-3.9474E-1	8.0005E-1	-6.6600E+2
-3.9279E-1	8.0688E-1	-9.2700E+2
-3.9083E-1	8.1323E-1	-2.0100E+2
-3.8888E-1	8.1494E-1	-4.5400E+2
-3.8668E-1	8.2153E-1	-6.1800E+2
-3.8473E-1	8.2422E-1	-6.8700E+2
-3.8277E-1	8.2544E-1	-1.0700E+2
-3.8082E-1	8.3032E-1	-9.3700E+2
-3.7887E-1	8.3008E-1	-7.9300E+2
-3.7692E-1	8.2910E-1	-1.7200E+2
-3.7472E-1	8.3057E-1	2.0000E+1
-3.7276E-1	8.2910E-1	-6.1000E+1
-3.7081E-1	8.2642E-1	4.6900E+2
-3.6886E-1	8.2300E-1	-1.0400E+2
-3.6690E-1	8.1909E-1	1.1400E+2
-3.6471E-1	8.1543E-1	-3.7200E+2
-3.6275E-1	8.1006E-1	3.8700E+2
-3.6080E-1	8.0444E-1	6.9800E+2
-3.5885E-1	7.9712E-1	1.4000E+2
-3.5689E-1	7.9004E-1	5.0200E+2
-3.5494E-1	7.8247E-1	1.5800E+2
-3.5274E-1	7.7393E-1	5.2700E+2
-3.5079E-1	7.6172E-1	4.0200E+2
-3.4884E-1	7.5122E-1	1.1390E+3
-3.4688E-1	7.3999E-1	9.9200E+2
-3.4493E-1	7.2485E-1	3.4900E+2
-3.4273E-1	7.0996E-1	1.2610E+3
-3.4078E-1	6.9775E-1	9.0100E+2
-3.3883E-1	6.8311E-1	1.0790E+3
-3.3687E-1	6.6357E-1	9.8800E+2
-3.3492E-1	6.4868E-1	1.0120E+3
-3.3297E-1	6.3379E-1	1.1970E+3
-3.3077E-1	6.1597E-1	9.0700E+2
-3.2882E-1	5.9692E-1	8.0100E+2
-3.2686E-1	5.7935E-1	1.4090E+3
-3.2491E-1	5.6201E-1	5.9500E+2
-3.2296E-1	5.4395E-1	1.7930E+3
-3.2076E-1	5.2344E-1	1.0590E+3
-3.1881E-1	5.0439E-1	7.8800E+2
-3.1685E-1	4.8828E-1	1.2540E+3
-3.1490E-1	4.6924E-1	1.4710E+3
-3.1295E-1	4.5142E-1	1.3920E+3
-3.1099E-1	4.3555E-1	9.8400E+2
-3.0880E-1	4.1748E-1	1.1810E+3
-3.0684E-1	4.0186E-1	6.1700E+2
-3.0489E-1	3.8574E-1	1.1900E+3
-3.0294E-1	3.7354E-1	7.5100E+2
-3.0098E-1	3.6011E-1	9.4100E+2
-2.9879E-1	3.4790E-1	7.3200E+2
-2.9683E-1	3.3643E-1	9.6000E+2
-2.9488E-1	3.3350E-1	-2.4100E+2
-2.9293E-1	3.2153E-1	7.6700E+2
-2.9097E-1	3.1787E-1	3.8900E+2
-2.8902E-1	3.3350E-1	-1.8800E+2
-2.8682E-1	3.1079E-1	6.7500E+2
-2.8487E-1	3.0566E-1	-5.8600E+2
-2.8292E-1	3.1494E-1	5.5400E+2
-2.8096E-1	3.0884E-1	-2.7600E+2
-2.7901E-1	3.7427E-1	-5.1260E+3
-2.7681E-1	3.3862E-1	2.5740E+3
-2.7486E-1	3.2642E-1	-1.6110E+3
-2.7290E-1	4.4482E-1	-7.6700E+2
-2.7095E-1	3.1860E-1	2.7920E+3
-2.6900E-1	2.7173E-1	6.3100E+2
-2.6705E-1	2.5757E-1	4.4900E+2
-2.6485E-1	2.5635E-1	-2.9100E+2
-2.6289E-1	2.7563E-1	-3.4310E+3
-2.6094E-1	2.6831E-1	2.3800E+3
-2.5899E-1	2.4854E-1	-5.4000E+1
-2.5703E-1	2.4731E-1	2.9200E+2
-2.5484E-1	2.5269E-1	-5.9800E+2
-2.5288E-1	2.5586E-1	-6.3100E+2
-2.5093E-1	2.6099E-1	-3.3800E+2
-2.4898E-1	2.6660E-1	-2.8300E+2
-2.4702E-1	2.7612E-1	-1.2810E+3
-2.4507E-1	2.8467E-1	-1.1900E+3
-2.4287E-1	2.9419E-1	-1.1770E+3
-2.4092E-1	3.0591E-1	-6.5500E+2
-2.3897E-1	3.1616E-1	-1.0080E+3
-2.3701E-1	3.3008E-1	-8.8800E+2
-2.3506E-1	3.4351E-1	-1.0400E+3
-2.3286E-1	3.5718E-1	-1.3740E+3
-2.3091E-1	3.7329E-1	-1.0930E+3
-2.2896E-1	3.8672E-1	-1.2940E+3
-2.2700E-1	4.0527E-1	-1.3670E+3
-2.2505E-1	4.2261E-1	-1.6650E+3
-2.2285E-1	4.3799E-1	-1.3520E+3
-2.2090E-1	4.5801E-1	-1.4050E+3
-2.1895E-1	4.7607E-1	-2.1200E+3
-2.1699E-1	4.9927E-1	-1.2830E+3
-2.1504E-1	5.1831E-1	-1.9130E+3
-2.1309E-1	5.3711E-1	-1.4010E+3
-2.1089E-1	5.5884E-1	-1.6150E+3
-2.0894E-1	5.7690E-1	-1.5440E+3
-2.0698E-1	5.9619E-1	-1.5380E+3
-2.0503E-1	6.1353E-1	-1.7200E+3
-2.0308E-1	6.3379E-1	-1.6760E+3
-2.0088E-1	6.5259E-1	-1.4380E+3
-1.9893E-1	6.6870E-1	-1.3760E+3
-1.9697E-1	6.8481E-1	-9.5000E+2
-1.9502E-1	7.0093E-1	-1.5540E+3
-1.9307E-1	7.1631E-1	-1.4460E+3
-1.9111E-1	7.3022E-1	-1.0230E+3
-1.8892E-1	7.4341E-1	-1.5250E+3
-1.8696E-1	7.5635E-1	-1.0190E+3
-1.8501E-1	7.6953E-1	-1.2230E+3
-1.8306E-1	7.8076E-1	-9.5900E+2
-1.8110E-1	7.9199E-1	-1.0810E+3
-1.7890E-1	8.0225E-1	-9.9300E+2
-1.7695E-1	8.1030E-1	-1.1130E+3
-1.7500E-1	8.1738E-1	-7.6600E+2
-1.7305E-1	8.2544E-1	-2.5200E+2
-1.7109E-1	8.3447E-1	-1.2160E+3
-1.6914E-1	8.3813E-1	-2.5900E+2
-1.6694E-1	8.4595E-1	-7.4300E+2
-1.6499E-1	8.4937E-1	-6.5100E+2
-1.6303E-1	8.5474E-1	-1.0050E+3
-1.6108E-1	8.5986E-1	-7.8200E+2
-1.5913E-1	8.6206E-1	-5.5100E+2
-1.5693E-1	8.6621E-1	-6.0200E+2
-1.5498E-1	8.6938E-1	-8.2400E+2
-1.5302E-1	8.7183E-1	-7.0100E+2
-1.5107E-1	8.7476E-1	5.2000E+1
-1.4912E-1	8.7671E-1	1.5000E+1
-1.4716E-1	8.7646E-1	-4.7400E+2
-1.4497E-1	8.7866E-1	6.7000E+1
-1.4301E-1	8.7817E-1	-1.9900E+2
-1.4106E-1	8.7891E-1	-5.3600E+2
-1.3911E-1	8.8306E-1	-1.1300E+2
-1.3715E-1	8.8379E-1	-1.9400E+2
-1.3496E-1	8.8184E-1	-4.4700E+2
-1.3300E-1	8.8501E-1	-3.7200E+2
-1.3105E-1	8.8428E-1	-6.0000E+2
-1.2910E-1	8.8550E-1	-3.0000E+1
-1.2714E-1	8.8501E-1	-4.9900E+2
-1.2519E-1	8.8721E-1	-1.6500E+2
-1.2299E-1	8.8477E-1	-6.7300E+2
-1.2104E-1	8.8599E-1	1.9000E+1
-1.1909E-1	8.8647E-1	-4.6700E+2
-1.1713E-1	8.8428E-1	-4.7200E+2
-1.1518E-1	8.8647E-1	-7.2000E+2
-1.1298E-1	8.8550E-1	-4.2000E+2
-1.1103E-1	8.8647E-1	-6.8700E+2
-1.0908E-1	8.8525E-1	-8.7600E+2
-1.0712E-1	8.8574E-1	-1.0550E+3
-1.0517E-1	8.8599E-1	-4.3600E+2
-1.0322E-1	8.8501E-1	-1.1000E+2
-1.0102E-1	8.8525E-1	-3.6300E+2
-9.9066E-2	8.8647E-1	-6.9100E+2
-9.7113E-2	8.8599E-1	-4.0900E+2
-9.5160E-2	8.8525E-1	-4.4000E+2
-9.3206E-2	8.8403E-1	-9.2000E+2
-9.1009E-2	8.8428E-1	-1.9200E+2
-8.9056E-2	8.8672E-1	-5.5800E+2
-8.7102E-2	8.8501E-1	-4.9300E+2
-8.5149E-2	8.8574E-1	-3.5900E+2
-8.3196E-2	8.8525E-1	3.4000E+1
-8.1243E-2	8.8403E-1	-2.7000E+2
-7.9045E-2	8.8403E-1	-7.7100E+2
-7.7092E-2	8.8452E-1	-8.0200E+2
-7.5139E-2	8.8477E-1	-4.7300E+2
-7.3186E-2	8.8428E-1	-3.5400E+2
-7.1232E-2	8.8379E-1	-1.5600E+2
-6.9035E-2	8.8525E-1	-4.0600E+2
-6.7082E-2	8.8403E-1	-5.8100E+2
-6.5128E-2	8.8477E-1	-1.0260E+3
-6.3175E-2	8.8330E-1	-5.7000E+1
-6.1222E-2	8.8501E-1	-9.4600E+2
-5.9269E-2	8.8306E-1	1.2300E+2
-5.7071E-2	8.8330E-1	-2.1900E+2
-5.5118E-2	8.8428E-1	-5.2200E+2
-5.3165E-2	8.8159E-1	-2.2900E+2
-5.1212E-2	8.8281E-1	-3.9900E+2
-4.9258E-2	8.8281E-1	-7.7600E+2
-4.7061E-2	8.8184E-1	-7.2000E+1
-4.5108E-2	8.8281E-1	-5.3800E+2
-4.3154E-2	8.8232E-1	-4.9200E+2
-4.1201E-2	8.8306E-1	-4.3600E+2
-3.9248E-2	8.8306E-1	-3.5700E+2
-3.7295E-2	8.8110E-1	-1.8500E+2
-3.5097E-2	8.8184E-1	-3.6500E+2
-3.3144E-2	8.8354E-1	8.3000E+1
-3.1191E-2	8.8159E-1	1.1400E+2
-2.9238E-2	8.8159E-1	-1.9200E+2
-2.7284E-2	8.8184E-1	-3.8300E+2
-2.5087E-2	8.8135E-1	-5.7000E+1
-2.3134E-2	8.8208E-1	-7.1600E+2
-2.1180E-2	8.8062E-1	6.6000E+1
-1.9227E-2	8.8086E-1	-8.7800E+2
-1.7274E-2	8.7988E-1	-4.9900E+2
-1.5321E-2	8.8135E-1	-9.2200E+2
-1.3123E-2	8.7988E-1	-1.7000E+2
-1.1170E-2	8.8257E-1	-4.6100E+2
-9.2169E-3	8.7988E-1	-7.1800E+2
-7.2636E-3	8.8062E-1	7.3000E+1
-5.3104E-3	8.8062E-1	-4.1900E+2
-3.1130E-3	8.8062E-1	-2.8800E+2
-1.1597E-3	8.7964E-1	7.6400E+2
6.7143E-4	8.8013E-1	-3.7600E+2
2.6247E-3	8.8037E-1	-2.6900E+2
4.5779E-3	8.8037E-1	-3.3600E+2
6.5312E-3	8.7915E-1	-7.1100E+2
8.7286E-3	8.8037E-1	-1.3900E+2
1.0682E-2	8.7915E-1	1.4100E+2
1.2635E-2	8.7964E-1	-7.7600E+2
1.4588E-2	8.8159E-1	-8.8900E+2
1.6542E-2	8.7915E-1	-1.1700E+2
1.8739E-2	8.8013E-1	-3.5900E+2
2.0692E-2	8.7842E-1	-6.9200E+2
2.2645E-2	8.7793E-1	-7.6700E+2
2.4599E-2	8.7891E-1	-3.8500E+2
2.6552E-2	8.7646E-1	-6.1600E+2
2.8749E-2	8.7915E-1	-3.5000E+2
3.0703E-2	8.7866E-1	-1.7600E+2
3.2656E-2	8.7793E-1	-9.5000E+1
3.4609E-2	8.7866E-1	-5.0000E+2
3.6562E-2	8.7671E-1	-1.6300E+2
3.8516E-2	8.7817E-1	-3.8200E+2
4.0713E-2	8.7842E-1	1.2000E+1
4.2666E-2	8.7646E-1	-7.2000E+1
4.4619E-2	8.7842E-1	-3.3000E+2
4.6573E-2	8.7842E-1	-1.9400E+2
4.8526E-2	8.7671E-1	1.8000E+2
5.0723E-2	8.7622E-1	-7.9400E+2
5.2677E-2	8.7842E-1	-6.2700E+2
5.4630E-2	8.7769E-1	-6.9600E+2
5.6583E-2	8.7671E-1	-1.5000E+2
5.8536E-2	8.7793E-1	-2.8500E+2
6.0490E-2	8.7744E-1	-6.3100E+2
6.2687E-2	8.7598E-1	1.2900E+2
6.4640E-2	8.7646E-1	-1.4100E+2
6.6593E-2	8.7598E-1	-6.0500E+2
6.8547E-2	8.7524E-1	-8.7400E+2
7.0500E-2	8.7646E-1	-1.0020E+3
7.2697E-2	8.7573E-1	-5.6400E+2
7.4651E-2	8.7573E-1	4.2300E+2
7.6604E-2	8.7646E-1	-4.3600E+2
7.8557E-2	8.7598E-1	4.8700E+2
8.0510E-2	8.7524E-1	-5.0700E+2
8.2464E-2	8.7476E-1	-8.7000E+1
8.4661E-2	8.7427E-1	2.5400E+2
8.6614E-2	8.7402E-1	-3.8100E+2
8.8567E-2	8.7329E-1	-2.9900E+2
9.0521E-2	8.7354E-1	-4.2100E+2
9.2474E-2	8.7500E-1	1.4000E+1
9.4671E-2	8.7305E-1	-5.5000E+1
9.6625E-2	8.7451E-1	-9.8900E+2
9.8578E-2	8.7402E-1	-1.9000E+1
1.0053E-1	8.7231E-1	2.3600E+2
1.0248E-1	8.6987E-1	-8.6000E+1
1.0444E-1	8.7207E-1	7.2000E+1
1.0663E-1	8.7061E-1	1.4300E+2
1.0859E-1	8.6792E-1	-1.9700E+2
1.1054E-1	8.6890E-1	3.2200E+2
1.1249E-1	8.6743E-1	-2.6000E+1
1.1445E-1	8.6621E-1	-7.9400E+2
1.1665E-1	8.6499E-1	-4.4300E+2
1.1860E-1	8.6230E-1	-3.5000E+1
1.2055E-1	8.6157E-1	-6.4000E+1
1.2251E-1	8.6133E-1	-2.2800E+2
1.2446E-1	8.5913E-1	-3.8100E+2
1.2641E-1	8.5596E-1	-1.4100E+2
1.2861E-1	8.5352E-1	-2.7500E+2
1.3056E-1	8.5156E-1	3.2700E+2
1.3252E-1	8.4961E-1	-3.5200E+2
1.3447E-1	8.4424E-1	2.7800E+2
1.3642E-1	8.4106E-1	-2.2800E+2
1.3862E-1	8.3667E-1	1.7100E+2
1.4057E-1	8.3228E-1	-5.0000E+1
1.4253E-1	8.2642E-1	-2.4500E+2
1.4448E-1	8.2349E-1	4.6000E+2
1.4643E-1	8.1714E-1	2.1500E+2
1.4839E-1	8.0957E-1	2.6100E+2
1.5058E-1	8.0420E-1	4.7100E+2
1.5254E-1	7.9590E-1	8.9900E+2
1.5449E-1	7.9004E-1	1.1420E+3
1.5644E-1	7.8101E-1	1.2690E+3
1.5840E-1	7.7051E-1	1.0660E+3
1.6059E-1	7.6099E-1	5.9700E+2
1.6255E-1	7.5146E-1	8.4300E+2
1.6450E-1	7.4121E-1	1.3330E+3
1.6645E-1	7.3145E-1	9.8100E+2
1.6841E-1	7.2046E-1	1.4070E+3
1.7036E-1	7.0801E-1	1.0960E+3
1.7256E-1	6.9482E-1	1.5070E+3
1.7451E-1	6.8359E-1	7.2100E+2
1.7646E-1	6.7212E-1	1.4580E+3
1.7842E-1	6.5869E-1	1.5020E+3
1.8037E-1	6.4478E-1	1.4870E+3
1.8257E-1	6.3135E-1	2.0600E+3
1.8452E-1	6.1914E-1	1.7910E+3
1.8647E-1	6.0620E-1	2.1120E+3
1.8843E-1	5.9326E-1	2.3940E+3
1.9038E-1	5.8008E-1	1.8570E+3
1.9233E-1	5.6860E-1	1.4910E+3
1.9453E-1	5.5493E-1	2.0790E+3
1.9648E-1	5.4346E-1	1.9220E+3
1.9844E-1	5.3442E-1	1.6710E+3
2.0039E-1	5.2344E-1	1.6520E+3
2.0234E-1	5.1416E-1	1.6310E+3
2.0454E-1	5.0586E-1	1.8590E+3
2.0649E-1	4.9780E-1	1.7170E+3
2.0845E-1	4.8975E-1	1.4800E+3
2.1040E-1	4.8462E-1	1.0830E+3
2.1235E-1	4.7998E-1	2.0240E+3
2.1431E-1	4.7852E-1	1.2480E+3
2.1650E-1	4.7705E-1	1.5160E+3
2.1846E-1	4.7583E-1	1.1390E+3
2.2041E-1	4.8120E-1	1.2280E+3
2.2236E-1	4.9170E-1	-7.9000E+2
2.2432E-1	5.5420E-1	6.6900E+2
2.2652E-1	5.5444E-1	-3.0000E+0
2.2847E-1	5.6665E-1	-1.1950E+3
2.3042E-1	5.9131E-1	1.7000E+1
2.3238E-1	5.8691E-1	3.7120E+3
2.3433E-1	5.2637E-1	2.0280E+3
2.3628E-1	5.2148E-1	2.3000E+1
2.3848E-1	5.1416E-1	2.0920E+3
2.4043E-1	4.9829E-1	1.2210E+3
2.4239E-1	4.9414E-1	8.9100E+2
2.4434E-1	4.9414E-1	4.9800E+2
2.4629E-1	4.9829E-1	5.4400E+2
2.4849E-1	5.0342E-1	4.8100E+2
2.5044E-1	5.0879E-1	-6.0000E+0
2.5240E-1	5.1831E-1	9.4000E+1
2.5435E-1	5.2783E-1	3.2500E+2
2.5630E-1	5.3931E-1	1.8500E+2
2.5826E-1	5.4736E-1	1.4100E+2
2.6045E-1	5.5835E-1	-7.9000E+1
2.6241E-1	5.7031E-1	-6.4700E+2
2.6436E-1	5.8228E-1	3.1400E+2
2.6631E-1	5.9668E-1	-1.5200E+2
2.6827E-1	6.0864E-1	-4.1400E+2
2.7046E-1	6.1841E-1	-8.3100E+2
2.7242E-1	6.3306E-1	-7.5100E+2
2.7437E-1	6.4551E-1	-9.5100E+2
2.7632E-1	6.5723E-1	-7.0800E+2
2.7828E-1	6.7212E-1	-8.0800E+2
2.8023E-1	6.8311E-1	-6.6700E+2
2.8243E-1	6.9556E-1	-7.8600E+2
2.8438E-1	7.0825E-1	-4.0500E+2
2.8633E-1	7.1826E-1	-5.7300E+2
2.8829E-1	7.3169E-1	-8.3300E+2
2.9024E-1	7.4243E-1	-5.9100E+2
2.9244E-1	7.4976E-1	-8.9700E+2
2.9439E-1	7.6147E-1	-6.8200E+2
2.9634E-1	7.6953E-1	-7.4100E+2
2.9830E-1	7.7881E-1	-7.4900E+2
3.0025E-1	7.8613E-1	-7.2900E+2
3.0245E-1	7.9224E-1	-3.0500E+2
3.0440E-1	8.0151E-1	-7.6700E+2
3.0635E-1	8.0688E-1	-9.3100E+2
3.0831E-1	8.1323E-1	-5.6000E+2
3.1026E-1	8.1641E-1	-9.2800E+2
3.1221E-1	8.2275E-1	-5.8300E+2
3.1441E-1	8.2837E-1	-5.2700E+2
3.1636E-1	8.2935E-1	-2.3400E+2
3.1832E-1	8.3569E-1	-8.5700E+2
3.2027E-1	8.3887E-1	9.7000E+1
3.2222E-1	8.4155E-1	-3.8700E+2
3.2442E-1	8.4521E-1	-2.5000E+2
3.2637E-1	8.4717E-1	-3.6200E+2
3.2833E-1	8.4839E-1	-2.6700E+2
3.3028E-1	8.5010E-1	-7.3000E+1
3.3223E-1	8.5278E-1	-3.9900E+2
3.3419E-1	8.5425E-1	-5.7600E+2
3.3639E-1	8.5522E-1	-4.8700E+2
3.3834E-1	8.5718E-1	-7.3200E+2
3.4029E-1	8.5693E-1	7.5000E+1
3.4225E-1	8.6060E-1	-6.6000E+2
3.4420E-1	8.5913E-1	-6.5300E+2
3.4640E-1	8.5815E-1	-3.6700E+2
3.4835E-1	8.6182E-1	-8.5100E+2
3.5030E-1	8.5986E-1	-9.9000E+1
3.5226E-1	8.6035E-1	-5.0800E+2
3.5421E-1	8.6060E-1	-1.5700E+3
3.5616E-1	8.6157E-1	-3.2300E+2
3.5836E-1	8.6279E-1	-6.6900E+2
3.6031E-1	8.6011E-1	-2.7000E+2
3.6227E-1	8.6157E-1	-5.1600E+2
3.6422E-1	8.6157E-1	-8.3500E+2
3.6617E-1	8.6255E-1	-2.4300E+2
3.6837E-1	8.6084E-1	-7.0700E+2
3.7032E-1	8.6304E-1	-3.1000E+2
3.7228E-1	8.6157E-1	1.7000E+1
3.7423E-1	8.6206E-1	-7.4400E+2
3.7618E-1	8.6255E-1	-7.0500E+2
3.7814E-1	8.6401E-1	-6.9100E+2
3.8033E-1	8.6060E-1	-6.4700E+2
3.8229E-1	8.6255E-1	-4.9200E+2
3.8424E-1	8.6230E-1	-1.8100E+2
3.8619E-1	8.6084E-1	-8.0000E+0
3.8815E-1	8.6108E-1	-2.0100E+2
3.9034E-1	8.6133E-1	-3.8700E+2
3.9230E-1	8.6157E-1	-1.2200E+2
3.9425E-1	8.6108E-1	-2.2100E+2
3.9620E-1	8.6035E-1	-3.5800E+2
3.9816E-1	8.6133E-1	-1.8100E+2
4.0011E-1	8.6108E-1	-1.8100E+2
4.0231E-1	8.6011E-1	-9.2000E+1
4.0426E-1	8.6084E-1	-6.5200E+2
4.0621E-1	8.6084E-1	1.4800E+2
4.0817E-1	8.6035E-1	-3.5400E+2
4.1012E-1	8.5938E-1	-6.0800E+2
4.1232E-1	8.6060E-1	-5.6500E+2
4.1427E-1	8.6133E-1	-3.3200E+2
4.1622E-1	8.6060E-1	-5.6400E+2
4.1818E-1	8.6108E-1	-5.1100E+2
4.2013E-1	8.6060E-1	-4.6700E+2
4.2208E-1	8.6060E-1	-4.4000E+2
4.2428E-1	8.6157E-1	-1.3700E+2
4.2623E-1	8.5938E-1	2.0000E+2
4.2819E-1	8.5986E-1	-1.1700E+2
4.3014E-1	8.6084E-1	-2.6800E+2
4.3209E-1	8.5840E-1	-6.4900E+2
4.3429E-1	8.5913E-1	-9.3000E+1
4.3624E-1	8.6035E-1	-2.5400E+2
4.3820E-1	8.5986E-1	-3.8600E+2
4.4015E-1	8.5864E-1	-4.2300E+2
4.4210E-1	8.6011E-1	-8.7300E+2
4.4406E-1	8.5815E-1	4.7000E+1
4.4626E-1	8.5889E-1	-4.3400E+2
4.4821E-1	8.5742E-1	-6.5100E+2
4.5016E-1	8.5815E-1	-2.2300E+2
4.5211E-1	8.6035E-1	-1.9200E+2
4.5407E-1	8.5742E-1	-1.5700E+2
4.5627E-1	8.5742E-1	-4.6000E+1
4.5822E-1	8.5938E-1	-1.1000E+2
4.6017E-1	8.5718E-1	-6.5600E+2
4.6213E-1	8.5669E-1	-8.8500E+2
4.6408E-1	8.5767E-1	-3.0400E+2
4.6603E-1	8.5815E-1	-2.2300E+2
4.6823E-1	8.5791E-1	7.6000E+1
4.7018E-1	8.5742E-1	-5.3800E+2
4.7214E-1	8.5718E-1	-1.4500E+2
4.7409E-1	8.5718E-1	-1.6100E+2
4.7604E-1	8.5767E-1	-6.1200E+2
4.7824E-1	8.5620E-1	-7.4900E+2
4.8019E-1	8.5596E-1	-6.6700E+2
4.8215E-1	8.5474E-1	-4.4200E+2
4.8410E-1	8.5596E-1	-8.8000E+2
4.8605E-1	8.5718E-1	-5.2400E+2
4.8801E-1	8.5840E-1	-4.2500E+2
4.9020E-1	8.5571E-1	-8.4000E+1
4.9216E-1	8.5645E-1	-5.1000E+1
4.9411E-1	8.5596E-1	-1.8500E+2
4.9606E-1	8.5352E-1	-5.1000E+2
4.9802E-1	8.5669E-1	-3.7200E+2
5.0021E-1	8.5498E-1	-8.1000E+1
5.0217E-1	8.5474E-1	-1.7900E+2
5.0412E-1	8.5547E-1	-1.0970E+3
5.0607E-1	8.5522E-1	-2.3900E+2
5.0803E-1	8.5498E-1	-3.0100E+2
5.0998E-1	8.5571E-1	-1.1700E+2
5.1218E-1	8.5205E-1	-7.5000E+1
5.1413E-1	8.5278E-1	-2.5700E+2
5.1608E-1	8.5352E-1	-4.4900E+2
5.1804E-1	8.5229E-1	-3.0300E+2
5.1999E-1	8.5181E-1	-3.1000E+2
5.2219E-1	8.5254E-1	-6.0200E+2
5.2414E-1	8.5181E-1	-8.8900E+2
5.2609E-1	8.5083E-1	-3.7000E+1
5.2805E-1	8.5156E-1	-4.6300E+2
5.3000E-1	8.5010E-1	-2.8100E+2
5.3195E-1	8.4985E-1	9.6000E+1
5.3415E-1	8.4937E-1	1.7000E+1
5.3610E-1	8.4888E-1	-2.1400E+2
5.3806E-1	8.4692E-1	2.1400E+2
5.4001E-1	8.4741E-1	-5.9800E+2
5.4196E-1	8.4619E-1	-4.6100E+2
5.4416E-1	8.4473E-1	-5.6700E+2
5.4611E-1	8.4399E-1	-2.6300E+2
5.4807E-1	8.4106E-1	-3.5000E+1
5.5002E-1	8.4180E-1	-1.4600E+2
5.5197E-1	8.3911E-1	-1.3400E+2
5.5417E-1	8.3618E-1	-7.2300E+2
5.5613E-1	8.3447E-1	-5.4100E+2
5.5808E-1	8.3325E-1	-9.8700E+2
5.6003E-1	8.2910E-1	-1.7600E+2
5.6198E-1	8.2788E-1	-6.2000E+2
5.6394E-1	8.2520E-1	2.6500E+2
5.6614E-1	8.2031E-1	-1.9000E+1
5.6809E-1	8.1860E-1	-2.6500E+2
5.7004E-1	8.1543E-1	-1.7700E+2
5.7200E-1	8.1152E-1	-4.4000E+1
5.7395E-1	8.1030E-1	3.9000E+2
5.7615E-1	8.0566E-1	-4.2100E+2
5.7810E-1	8.0029E-1	-2.7600E+2
5.8005E-1	7.9736E-1	4.2000E+2
5.8201E-1	7.9346E-1	6.8300E+2
5.8396E-1	7.8809E-1	3.1100E+2
5.8591E-1	7.8516E-1	5.6200E+2
5.8811E-1	7.7783E-1	-1.0600E+2
5.9006E-1	7.7539E-1	1.8200E+2
5.9202E-1	7.7100E-1	3.6400E+2
5.9397E-1	7.6416E-1	-7.9600E+2
5.9592E-1	7.6025E-1	4.4600E+2
5.9812E-1	7.5464E-1	-5.4300E+2
6.0007E-1	7.5073E-1	2.5000E+1
6.0203E-1	7.4683E-1	1.9800E+2
6.0398E-1	7.4292E-1	-1.5400E+2
6.0593E-1	7.3779E-1	3.0200E+2
6.0789E-1	7.3535E-1	1.1600E+2
6.1008E-1	7.2998E-1	1.7400E+2
6.1204E-1	7.2607E-1	4.1800E+2
6.1399E-1	7.2217E-1	4.5800E+2
6.1594E-1	7.1924E-1	1.0660E+3
6.1790E-1	7.1582E-1	5.0200E+2
6.2009E-1	7.1436E-1	-1.6300E+2
6.2205E-1	7.1777E-1	0.0000E+0
6.2400E-1	7.2388E-1	-7.4400E+2
6.2595E-1	7.2559E-1	4.2500E+2
6.2791E-1	7.1753E-1	5.1100E+2
6.2986E-1	7.2192E-1	-7.7100E+2
6.3206E-1	7.2266E-1	3.1400E+2
6.3401E-1	7.1851E-1	-4.1200E+2
6.3596E-1	7.2144E-1	-6.5400E+2
6.3792E-1	7.3535E-1	-6.3500E+2
6.3987E-1	7.2852E-1	5.6900E+2
6.4207E-1	7.3315E-1	-5.6000E+2
6.4402E-1	7.5757E-1	-2.8700E+2
6.4597E-1	7.3560E-1	2.3800E+2
6.4793E-1	7.2485E-1	1.3800E+2
6.4988E-1	7.2339E-1	-3.5800E+2
6.5183E-1	7.2607E-1	-6.8700E+2
6.5403E-1	7.2998E-1	-6.3600E+2
6.5598E-1	7.3853E-1	-1.1700E+3
6.5794E-1	7.4268E-1	3.7200E+2
6.5989E-1	7.3535E-1	-1.2200E+2
6.6184E-1	7.3291E-1	-9.6400E+2
6.6404E-1	7.3535E-1	-4.2800E+2
6.6600E-1	7.3828E-1	3.6900E+2
6.6795E-1	7.4048E-1	-3.0500E+2
6.6990E-1	7.4390E-1	-5.9300E+2
6.7185E-1	7.4780E-1	-9.9500E+2
6.7381E-1	7.5244E-1	-1.3100E+3
6.7601E-1	7.5562E-1	-1.0110E+3
6.7796E-1	7.6050E-1	-9.8800E+2
6.7991E-1	7.6294E-1	-6.9700E+2
6.8187E-1	7.6733E-1	-6.8900E+2
6.8382E-1	7.7173E-1	1.0400E+2
6.8602E-1	7.7734E-1	-8.3300E+2
6.8797E-1	7.8076E-1	-9.8200E+2
6.8992E-1	7.8589E-1	-2.5300E+2
6.9188E-1	7.8784E-1	-1.2630E+3
6.9383E-1	7.9199E-1	-1.8700E+2
6.9578E-1	7.9663E-1	-7.8500E+2
6.9798E-1	8.0103E-1	-9.2700E+2
6.9993E-1	8.0225E-1	-5.8700E+2
7.0189E-1	8.0688E-1	-7.6900E+2
7.0384E-1	8.0908E-1	-6.0900E+2
7.0579E-1	8.1348E-1	-1.1020E+3
7.0799E-1	8.1445E-1	-3.5400E+2
7.0994E-1	8.1714E-1	2.9800E+2
7.1190E-1	8.1958E-1	-2.0100E+2
7.1385E-1	8.2349E-1	-7.7700E+2
7.1580E-1	8.2520E-1	-7.7200E+2
7.1776E-1	8.2788E-1	-1.1900E+3
7.1995E-1	8.2935E-1	-4.8500E+2
7.2191E-1	8.3105E-1	-6.6000E+2
7.2386E-1	8.3276E-1	-6.4700E+2
7.2581E-1	8.3374E-1	1.6000E+1
7.2777E-1	8.3521E-1	-6.3300E+2
7.2996E-1	8.3838E-1	-5.6000E+2
7.3192E-1	8.3813E-1	-1.0220E+3
7.3387E-1	8.3813E-1	-3.7000E+2
7.3582E-1	8.3960E-1	-7.8200E+2
7.3778E-1	8.4033E-1	3.9000E+1
7.3973E-1	8.4131E-1	-4.0500E+2
7.4193E-1	8.4253E-1	-3.2500E+2
7.4388E-1	8.4302E-1	3.3000E+1
7.4583E-1	8.4326E-1	-4.2300E+2
7.4779E-1	8.4277E-1	-7.8000E+2
7.4974E-1	8.4204E-1	-4.7000E+2
7.5194E-1	8.4473E-1	-9.9000E+1
7.5389E-1	8.4448E-1	-4.0500E+2
7.5584E-1	8.4302E-1	-6.2500E+2
7.5780E-1	8.4595E-1	-6.2200E+2
7.5975E-1	8.4497E-1	-2.6100E+2
7.6170E-1	8.4595E-1	-8.6700E+2
7.6390E-1	8.4595E-1	-1.1280E+3
7.6585E-1	8.4692E-1	-6.1100E+2
7.6781E-1	8.4521E-1	-4.0300E+2
7.6976E-1	8.4521E-1	-3.7200E+2
7.7171E-1	8.4546E-1	-6.8700E+2
7.7391E-1	8.4521E-1	-4.3600E+2
7.7587E-1	8.4619E-1	-6.8500E+2
7.7782E-1	8.4619E-1	2.3800E+2
7.7977E-1	8.4448E-1	-5.9000E+2
7.8172E-1	8.4546E-1	-7.1600E+2
7.8368E-1	8.4497E-1	-2.7800E+2
7.8588E-1	8.4521E-1	-2.2100E+2
7.8783E-1	8.4668E-1	-3.2800E+2
7.8978E-1	8.4375E-1	1.9300E+2
7.9174E-1	8.4399E-1	-6.1000E+1
7.9369E-1	8.4619E-1	-4.5900E+2
7.9589E-1	8.4595E-1	-1.0690E+3
7.9784E-1	8.4521E-1	7.6000E+1
7.9979E-1	8.4619E-1	-1.2000E+1
8.0175E-1	8.4326E-1	-4.4900E+2
8.0370E-1	8.4375E-1	-6.9100E+2
8.0590E-1	8.4448E-1	-2.3300E+2
8.0785E-1	8.4497E-1	-5.0000E+1
8.0980E-1	8.4595E-1	2.6000E+1
8.1176E-1	8.4424E-1	-3.0100E+2
8.1371E-1	8.4448E-1	-4.8500E+2
8.1566E-1	8.4473E-1	-2.4500E+2
8.1786E-1	8.4424E-1	-1.2130E+3
8.1981E-1	8.4521E-1	-4.9200E+2
8.2177E-1	8.4473E-1	-5.3700E+2
8.2372E-1	8.4497E-1	-3.0500E+2
8.2567E-1	8.4424E-1	-3.5200E+2
8.2787E-1	8.4351E-1	-6.0700E+2
8.2982E-1	8.4424E-1	1.9000E+1
8.3178E-1	8.4448E-1	-2.5500E+2
8.3373E-1	8.4399E-1	-6.1400E+2
8.3568E-1	8.4448E-1	-3.1400E+2
8.3764E-1	8.4375E-1	3.0900E+2
8.3983E-1	8.4375E-1	4.5000E+1
8.4179E-1	8.4424E-1	-2.6300E+2
8.4374E-1	8.4546E-1	-6.6000E+1
8.4569E-1	8.4302E-1	-2.8700E+2
8.4765E-1	8.4277E-1	-7.2000E+2
8.4984E-1	8.4302E-1	-2.7900E+2
8.5180E-1	8.4326E-1	-4.9500E+2
8.5375E-1	8.4204E-1	-4.6700E+2
8.5570E-1	8.4375E-1	-2.4400E+2
8.5766E-1	8.4351E-1	-3.0900E+2
8.5961E-1	8.4302E-1	-1.2100E+2
8.6181E-1	8.4229E-1	-5.5200E+2
8.6376E-1	8.4351E-1	-1.7900E+2
8.6571E-1	8.4155E-1	-2.0400E+2
8.6767E-1	8.4180E-1	3.1200E+2
8.6962E-1	8.4326E-1	-6.3400E+2
8.7182E-1	8.4229E-1	-4.8100E+2
8.7377E-1	8.4155E-1	-3.7000E+2
8.7572E-1	8.4521E-1	-4.0000E+0
8.7768E-1	8.4277E-1	2.1100E+2
8.7963E-1	8.4277E-1	-5.3800E+2
8.8158E-1	8.4277E-1	-7.5000E+1
8.8378E-1	8.4302E-1	-1.8100E+2
8.8574E-1	8.4302E-1	-6.4900E+2
8.8769E-1	8.4399E-1	-8.4600E+2
8.8964E-1	8.4155E-1	-5.8900E+2
8.9159E-1	8.4302E-1	-6.5900E+2
8.9379E-1	8.4180E-1	-3.3700E+2
8.9575E-1	8.4229E-1	-4.3200E+2
8.9770E-1	8.4277E-1	-1.1620E+3
8.9965E-1	8.4204E-1	1.0600E+2
9.0161E-1	8.4180E-1	-1.6500E+2
9.0356E-1	8.4399E-1	-4.4000E+1
9.0576E-1	8.4155E-1	-3.4800E+2
9.0771E-1	8.4180E-1	2.0300E+2
9.0966E-1	8.4302E-1	-3.1600E+2
9.1162E-1	8.4131E-1	-2.7900E+2
9.1357E-1	8.4106E-1	-3.7500E+2
9.1577E-1	8.4082E-1	5.8000E+1
9.1772E-1	8.4277E-1	-6.8900E+2
9.1967E-1	8.4033E-1	-1.3700E+2
9.2163E-1	8.4180E-1	-5.5600E+2
9.2358E-1	8.4204E-1	-5.0700E+2
9.2553E-1	8.4033E-1	-7.9600E+2
9.2773E-1	8.4229E-1	-1.5000E+2
9.2968E-1	8.4155E-1	-2.3000E+1
9.3164E-1	8.4302E-1	-1.5300E+2
9.3359E-1	8.4326E-1	-2.4100E+2
9.3554E-1	8.4106E-1	-2.8800E+2
9.3774E-1	8.4204E-1	-2.8500E+2
9.3969E-1	8.4106E-1	-3.3400E+2
9.4165E-1	8.4058E-1	-8.0200E+2
9.4360E-1	8.4204E-1	-9.3700E+2
9.4555E-1	8.4155E-1	-1.8100E+2
9.4751E-1	8.4131E-1	-1.0100E+2
9.4970E-1	8.4131E-1	-2.2800E+2
9.5166E-1	8.4106E-1	6.1000E+1
9.5361E-1	8.4204E-1	-7.3100E+2
9.5556E-1	8.4082E-1	-6.1600E+2
9.5752E-1	8.4302E-1	-1.5000E+2
9.5971E-1	8.4229E-1	-5.2300E+2
9.6167E-1	8.4277E-1	-4.2700E+2
9.6362E-1	8.4131E-1	-4.5000E+2
9.6557E-1	8.4058E-1	-2.5100E+2
9.6753E-1	8.4106E-1	-2.2600E+2
9.6948E-1	8.3984E-1	-4.2700E+2
9.7168E-1	8.4058E-1	8.5000E+1
9.7363E-1	8.4277E-1	-5.0500E+2
9.7558E-1	8.4155E-1	-2.6100E+2
9.7754E-1	8.4106E-1	-2.7700E+2
9.7949E-1	8.4082E-1	-6.8700E+2
9.8169E-1	8.4009E-1	-3.8500E+2
9.8364E-1	8.3936E-1	-5.3400E+2
9.8559E-1	8.4155E-1	-8.5100E+2
9.8755E-1	8.3862E-1	-4.6000E+2
9.8950E-1	8.4033E-1	-4.9700E+2
9.9145E-1	8.4058E-1	2.4000E+2
9.9365E-1	8.3813E-1	-2.3600E+2
9.9561E-1	8.4058E-1	-4.0900E+2
9.9756E-1	8.3960E-1	-8.8900E+2
