Aux out [V]	Aux in [V]	Aux out [V]	PDH out [a.u.]
-3.4395E-1	5.0293E-1	-3.4395E-1	1.3140E+3
-3.4383E-1	5.0220E-1	-3.4383E-1	1.2210E+3
-3.4371E-1	5.0171E-1	-3.4371E-1	4.4900E+2
-3.4359E-1	5.0000E-1	-3.4359E-1	1.0810E+3
-3.4347E-1	4.9805E-1	-3.4347E-1	5.0700E+2
-3.4334E-1	4.9951E-1	-3.4334E-1	4.3100E+2
-3.4322E-1	4.9780E-1	-3.4322E-1	6.1100E+2
-3.4322E-1	4.9634E-1	-3.4322E-1	1.1660E+3
-3.4310E-1	4.9365E-1	-3.4310E-1	9.6800E+2
-3.4298E-1	4.9414E-1	-3.4298E-1	1.1760E+3
-3.4286E-1	4.9243E-1	-3.4286E-1	8.2600E+2
-3.4273E-1	4.9243E-1	-3.4273E-1	8.1300E+2
-3.4261E-1	4.9121E-1	-3.4261E-1	9.9400E+2
-3.4249E-1	4.9146E-1	-3.4249E-1	1.1320E+3
-3.4249E-1	4.9194E-1	-3.4249E-1	1.0990E+3
-3.4237E-1	4.8999E-1	-3.4237E-1	1.3340E+3
-3.4225E-1	4.8804E-1	-3.4225E-1	1.2610E+3
-3.4212E-1	4.8926E-1	-3.4212E-1	1.5080E+3
-3.4200E-1	4.8730E-1	-3.4200E-1	6.1100E+2
-3.4188E-1	4.8804E-1	-3.4188E-1	1.2320E+3
-3.4176E-1	4.8633E-1	-3.4176E-1	1.1240E+3
-3.4163E-1	4.8511E-1	-3.4163E-1	1.1010E+3
-3.4163E-1	4.8364E-1	-3.4163E-1	1.1940E+3
-3.4151E-1	4.8193E-1	-3.4151E-1	9.9200E+2
-3.4139E-1	4.8096E-1	-3.4139E-1	1.1150E+3
-3.4127E-1	4.8096E-1	-3.4127E-1	1.1850E+3
-3.4115E-1	4.8071E-1	-3.4115E-1	1.1570E+3
-3.4102E-1	4.7852E-1	-3.4102E-1	6.6400E+2
-3.4090E-1	4.7607E-1	-3.4090E-1	6.0000E+2
-3.4090E-1	4.7876E-1	-3.4090E-1	1.8110E+3
-3.4078E-1	4.7461E-1	-3.4078E-1	1.2140E+3
-3.4066E-1	4.7632E-1	-3.4066E-1	7.2000E+2
-3.4054E-1	4.7632E-1	-3.4054E-1	4.3300E+2
-3.4041E-1	4.7363E-1	-3.4041E-1	1.5210E+3
-3.4029E-1	4.7510E-1	-3.4029E-1	8.0800E+2
-3.4017E-1	4.7241E-1	-3.4017E-1	1.0680E+3
-3.4005E-1	4.7095E-1	-3.4005E-1	7.5500E+2
-3.4005E-1	4.7144E-1	-3.4005E-1	1.5780E+3
-3.3993E-1	4.6973E-1	-3.3993E-1	1.6940E+3
-3.3980E-1	4.6802E-1	-3.3980E-1	1.2570E+3
-3.3968E-1	4.6875E-1	-3.3968E-1	6.4200E+2
-3.3956E-1	4.6777E-1	-3.3956E-1	6.9300E+2
-3.3944E-1	4.6606E-1	-3.3944E-1	1.1590E+3
-3.3932E-1	4.6558E-1	-3.3932E-1	7.9700E+2
-3.3919E-1	4.6484E-1	-3.3919E-1	4.0700E+2
-3.3919E-1	4.6167E-1	-3.3919E-1	1.5360E+3
-3.3907E-1	4.6265E-1	-3.3907E-1	1.3610E+3
-3.3895E-1	4.5923E-1	-3.3895E-1	1.5030E+3
-3.3883E-1	4.5972E-1	-3.3883E-1	6.6400E+2
-3.3870E-1	4.5947E-1	-3.3870E-1	1.1280E+3
-3.3858E-1	4.6118E-1	-3.3858E-1	8.8500E+2
-3.3846E-1	4.6021E-1	-3.3846E-1	1.4170E+3
-3.3846E-1	4.5825E-1	-3.3846E-1	1.4470E+3
-3.3834E-1	4.5752E-1	-3.3834E-1	8.7300E+2
-3.3822E-1	4.5801E-1	-3.3822E-1	5.4200E+2
-3.3809E-1	4.5752E-1	-3.3809E-1	9.5400E+2
-3.3797E-1	4.5483E-1	-3.3797E-1	9.6400E+2
-3.3785E-1	4.5337E-1	-3.3785E-1	6.9300E+2
-3.3773E-1	4.5386E-1	-3.3773E-1	1.2050E+3
-3.3761E-1	4.5166E-1	-3.3761E-1	6.2600E+2
-3.3761E-1	4.5068E-1	-3.3761E-1	9.2100E+2
-3.3748E-1	4.5044E-1	-3.3748E-1	1.0100E+3
-3.3736E-1	4.4824E-1	-3.3736E-1	1.3270E+3
-3.3724E-1	4.4727E-1	-3.3724E-1	7.1600E+2
-3.3712E-1	4.4629E-1	-3.3712E-1	1.3680E+3
-3.3700E-1	4.4580E-1	-3.3700E-1	1.1740E+3
-3.3687E-1	4.4458E-1	-3.3687E-1	1.5670E+3
-3.3675E-1	4.4604E-1	-3.3675E-1	1.5000E+3
-3.3675E-1	4.4385E-1	-3.3675E-1	1.5720E+3
-3.3663E-1	4.4556E-1	-3.3663E-1	9.5700E+2
-3.3651E-1	4.4409E-1	-3.3651E-1	1.1970E+3
-3.3639E-1	4.4409E-1	-3.3639E-1	1.0440E+3
-3.3626E-1	4.4214E-1	-3.3626E-1	9.5900E+2
-3.3614E-1	4.4019E-1	-3.3614E-1	1.3990E+3
-3.3602E-1	4.3945E-1	-3.3602E-1	1.0140E+3
-3.3602E-1	4.4116E-1	-3.3602E-1	8.7800E+2
-3.3590E-1	4.3896E-1	-3.3590E-1	1.4340E+3
-3.3577E-1	4.3823E-1	-3.3577E-1	1.0610E+3
-3.3565E-1	4.3726E-1	-3.3565E-1	1.3620E+3
-3.3553E-1	4.3579E-1	-3.3553E-1	1.6410E+3
-3.3541E-1	4.3481E-1	-3.3541E-1	9.2600E+2
-3.3529E-1	4.3433E-1	-3.3529E-1	6.2900E+2
-3.3529E-1	4.3481E-1	-3.3529E-1	7.0200E+2
-3.3516E-1	4.3042E-1	-3.3516E-1	7.4600E+2
-3.3504E-1	4.3164E-1	-3.3504E-1	1.2210E+3
-3.3492E-1	4.3115E-1	-3.3492E-1	8.3100E+2
-3.3480E-1	4.2944E-1	-3.3480E-1	8.3300E+2
-3.3468E-1	4.3066E-1	-3.3468E-1	1.4360E+3
-3.3455E-1	4.2920E-1	-3.3455E-1	1.2410E+3
-3.3443E-1	4.2871E-1	-3.3443E-1	1.1170E+3
-3.3443E-1	4.2847E-1	-3.3443E-1	8.7900E+2
-3.3431E-1	4.2749E-1	-3.3431E-1	1.1060E+3
-3.3419E-1	4.2480E-1	-3.3419E-1	6.5400E+2
-3.3407E-1	4.2603E-1	-3.3407E-1	1.3230E+3
-3.3394E-1	4.2383E-1	-3.3394E-1	1.2500E+3
-3.3382E-1	4.2383E-1	-3.3382E-1	7.1400E+2
-3.3370E-1	4.2188E-1	-3.3370E-1	1.2340E+3
-3.3370E-1	4.1968E-1	-3.3370E-1	1.0830E+3
-3.3358E-1	4.1943E-1	-3.3358E-1	9.5500E+2
-3.3346E-1	4.1772E-1	-3.3346E-1	4.0900E+2
-3.3333E-1	4.1748E-1	-3.3333E-1	1.2010E+3
-3.3321E-1	4.1650E-1	-3.3321E-1	1.4960E+3
-3.3309E-1	4.1626E-1	-3.3309E-1	1.3300E+3
-3.3297E-1	4.1479E-1	-3.3297E-1	9.4400E+2
-3.3285E-1	4.1479E-1	-3.3285E-1	9.0100E+2
-3.3285E-1	4.1455E-1	-3.3285E-1	1.5890E+3
-3.3272E-1	4.1357E-1	-3.3272E-1	1.1560E+3
-3.3260E-1	4.1187E-1	-3.3260E-1	1.8310E+3
-3.3248E-1	4.1309E-1	-3.3248E-1	4.2500E+2
-3.3236E-1	4.1040E-1	-3.3236E-1	1.0170E+3
-3.3223E-1	4.1016E-1	-3.3223E-1	9.9500E+2
-3.3211E-1	4.0796E-1	-3.3211E-1	1.1590E+3
-3.3199E-1	4.0894E-1	-3.3199E-1	6.3700E+2
-3.3199E-1	4.0723E-1	-3.3199E-1	8.2900E+2
-3.3187E-1	4.0723E-1	-3.3187E-1	8.7100E+2
-3.3175E-1	4.0503E-1	-3.3175E-1	5.2200E+2
-3.3162E-1	4.0332E-1	-3.3162E-1	1.5560E+3
-3.3150E-1	4.0283E-1	-3.3150E-1	1.0340E+3
-3.3138E-1	4.0308E-1	-3.3138E-1	1.3260E+3
-3.3126E-1	4.0161E-1	-3.3126E-1	1.0570E+3
-3.3114E-1	4.0186E-1	-3.3114E-1	1.1260E+3
-3.3114E-1	4.0137E-1	-3.3114E-1	1.2210E+3
-3.3101E-1	3.9819E-1	-3.3101E-1	1.3430E+3
-3.3089E-1	4.0015E-1	-3.3089E-1	7.4800E+2
-3.3077E-1	3.9868E-1	-3.3077E-1	8.8600E+2
-3.3065E-1	3.9966E-1	-3.3065E-1	1.0100E+3
-3.3053E-1	3.9746E-1	-3.3053E-1	1.1670E+3
-3.3040E-1	3.9697E-1	-3.3040E-1	1.4270E+3
-3.3040E-1	3.9624E-1	-3.3040E-1	1.0990E+3
-3.3028E-1	3.9673E-1	-3.3028E-1	1.0680E+3
-3.3016E-1	3.9404E-1	-3.3016E-1	9.7300E+2
-3.3004E-1	3.9526E-1	-3.3004E-1	4.3300E+2
-3.2992E-1	3.9185E-1	-3.2992E-1	8.9700E+2
-3.2979E-1	3.8940E-1	-3.2979E-1	1.1770E+3
-3.2967E-1	3.8989E-1	-3.2967E-1	9.9700E+2
-3.2955E-1	3.8843E-1	-3.2955E-1	1.3660E+3
-3.2955E-1	3.8794E-1	-3.2955E-1	1.0730E+3
-3.2943E-1	3.8818E-1	-3.2943E-1	6.4800E+2
-3.2930E-1	3.8721E-1	-3.2930E-1	1.0680E+3
-3.2918E-1	3.8525E-1	-3.2918E-1	1.1520E+3
-3.2906E-1	3.8477E-1	-3.2906E-1	1.2200E+3
-3.2894E-1	3.8647E-1	-3.2894E-1	9.6100E+2
-3.2882E-1	3.8403E-1	-3.2882E-1	1.1280E+3
-3.2882E-1	3.8354E-1	-3.2882E-1	6.0900E+2
-3.2869E-1	3.8184E-1	-3.2869E-1	8.9500E+2
-3.2857E-1	3.7988E-1	-3.2857E-1	4.4000E+2
-3.2845E-1	3.8013E-1	-3.2845E-1	1.7650E+3
-3.2833E-1	3.7866E-1	-3.2833E-1	4.4000E+2
-3.2821E-1	3.8062E-1	-3.2821E-1	7.8900E+2
-3.2808E-1	3.8062E-1	-3.2808E-1	1.2830E+3
-3.2796E-1	3.7915E-1	-3.2796E-1	4.7800E+2
-3.2796E-1	3.7793E-1	-3.2796E-1	9.0600E+2
-3.2784E-1	3.7817E-1	-3.2784E-1	1.2910E+3
-3.2772E-1	3.7671E-1	-3.2772E-1	1.0700E+3
-3.2760E-1	3.7427E-1	-3.2760E-1	9.0400E+2
-3.2747E-1	3.7524E-1	-3.2747E-1	5.4900E+2
-3.2735E-1	3.7354E-1	-3.2735E-1	7.6200E+2
-3.2723E-1	3.7329E-1	-3.2723E-1	9.2100E+2
-3.2723E-1	3.7305E-1	-3.2723E-1	1.1060E+3
-3.2711E-1	3.7402E-1	-3.2711E-1	1.3040E+3
-3.2699E-1	3.7207E-1	-3.2699E-1	1.4980E+3
-3.2686E-1	3.7158E-1	-3.2686E-1	4.9100E+2
-3.2674E-1	3.6963E-1	-3.2674E-1	1.7270E+3
-3.2662E-1	3.6865E-1	-3.2662E-1	8.1700E+2
-3.2650E-1	3.6865E-1	-3.2650E-1	1.1760E+3
-3.2637E-1	3.6694E-1	-3.2637E-1	1.0110E+3
-3.2637E-1	3.6597E-1	-3.2637E-1	9.2200E+2
-3.2625E-1	3.6621E-1	-3.2625E-1	1.1300E+3
-3.2613E-1	3.6401E-1	-3.2613E-1	9.0200E+2
-3.2601E-1	3.6304E-1	-3.2601E-1	1.0880E+3
-3.2589E-1	3.6353E-1	-3.2589E-1	1.0680E+3
-3.2576E-1	3.6157E-1	-3.2576E-1	8.7500E+2
-3.2564E-1	3.6060E-1	-3.2564E-1	-1.5000E+1
-3.2552E-1	3.6108E-1	-3.2552E-1	1.0770E+3
-3.2552E-1	3.5986E-1	-3.2552E-1	2.8000E+2
-3.2540E-1	3.5840E-1	-3.2540E-1	5.8500E+2
-3.2528E-1	3.5791E-1	-3.2528E-1	8.4000E+2
-3.2515E-1	3.5718E-1	-3.2515E-1	1.2020E+3
-3.2503E-1	3.5938E-1	-3.2503E-1	8.9700E+2
-3.2491E-1	3.5840E-1	-3.2491E-1	1.1010E+3
-3.2479E-1	3.5596E-1	-3.2479E-1	8.7100E+2
-3.2479E-1	3.5498E-1	-3.2479E-1	1.0840E+3
-3.2467E-1	3.5474E-1	-3.2467E-1	1.1190E+3
-3.2454E-1	3.5400E-1	-3.2454E-1	1.3050E+3
-3.2442E-1	3.5352E-1	-3.2442E-1	1.5480E+3
-3.2430E-1	3.5278E-1	-3.2430E-1	1.0280E+3
-3.2418E-1	3.5156E-1	-3.2418E-1	1.0560E+3
-3.2406E-1	3.5278E-1	-3.2406E-1	8.4700E+2
-3.2393E-1	3.5083E-1	-3.2393E-1	7.7300E+2
-3.2393E-1	3.4912E-1	-3.2393E-1	1.1410E+3
-3.2381E-1	3.4766E-1	-3.2381E-1	1.0900E+2
-3.2369E-1	3.4790E-1	-3.2369E-1	9.0200E+2
-3.2357E-1	3.4619E-1	-3.2357E-1	1.2080E+3
-3.2345E-1	3.4668E-1	-3.2345E-1	8.8800E+2
-3.2332E-1	3.4399E-1	-3.2332E-1	6.9100E+2
-3.2320E-1	3.4473E-1	-3.2320E-1	6.1100E+2
-3.2320E-1	3.4326E-1	-3.2320E-1	6.6900E+2
-3.2308E-1	3.4448E-1	-3.2308E-1	4.2000E+2
-3.2296E-1	3.4326E-1	-3.2296E-1	1.0980E+3
-3.2283E-1	3.4253E-1	-3.2283E-1	9.7900E+2
-3.2271E-1	3.4082E-1	-3.2271E-1	4.1300E+2
-3.2259E-1	3.4229E-1	-3.2259E-1	9.8800E+2
-3.2247E-1	3.4302E-1	-3.2247E-1	9.9100E+2
-3.2235E-1	3.4033E-1	-3.2235E-1	7.5100E+2
-3.2235E-1	3.3984E-1	-3.2235E-1	6.3500E+2
-3.2222E-1	3.3960E-1	-3.2222E-1	4.2900E+2
-3.2210E-1	3.3740E-1	-3.2210E-1	3.2700E+2
-3.2198E-1	3.3521E-1	-3.2198E-1	4.9300E+2
-3.2186E-1	3.3740E-1	-3.2186E-1	6.9100E+2
-3.2174E-1	3.3447E-1	-3.2174E-1	9.8900E+2
-3.2161E-1	3.3398E-1	-3.2161E-1	1.1390E+3
-3.2161E-1	3.3276E-1	-3.2161E-1	1.1940E+3
-3.2149E-1	3.3252E-1	-3.2149E-1	8.3500E+2
-3.2137E-1	3.3301E-1	-3.2137E-1	9.7000E+2
-3.2125E-1	3.3203E-1	-3.2125E-1	2.2200E+2
-3.2113E-1	3.3008E-1	-3.2113E-1	1.2010E+3
-3.2100E-1	3.3105E-1	-3.2100E-1	4.3600E+2
-3.2088E-1	3.3154E-1	-3.2088E-1	9.2400E+2
-3.2076E-1	3.3276E-1	-3.2076E-1	1.0740E+3
-3.2076E-1	3.2910E-1	-3.2076E-1	5.2000E+1
-3.2064E-1	3.2837E-1	-3.2064E-1	5.3100E+2
-3.2052E-1	3.2910E-1	-3.2052E-1	3.7000E+1
-3.2039E-1	3.2764E-1	-3.2039E-1	2.8500E+2
-3.2027E-1	3.2861E-1	-3.2027E-1	2.8800E+2
-3.2015E-1	3.2520E-1	-3.2015E-1	7.4400E+2
-3.2003E-1	3.2446E-1	-3.2003E-1	3.6700E+2
-3.2003E-1	3.2617E-1	-3.2003E-1	8.8400E+2
-3.1990E-1	3.2349E-1	-3.1990E-1	7.5500E+2
-3.1978E-1	3.2324E-1	-3.1978E-1	1.3700E+2
-3.1966E-1	3.2300E-1	-3.1966E-1	8.5000E+2
-3.1954E-1	3.2300E-1	-3.1954E-1	1.2210E+3
-3.1942E-1	3.2178E-1	-3.1942E-1	-3.5200E+2
-3.1929E-1	3.2153E-1	-3.1929E-1	1.0840E+3
-3.1917E-1	3.2080E-1	-3.1917E-1	3.6900E+2
-3.1917E-1	3.2007E-1	-3.1917E-1	3.0000E+0
-3.1905E-1	3.1982E-1	-3.1905E-1	6.2000E+2
-3.1893E-1	3.1885E-1	-3.1893E-1	8.9800E+2
-3.1881E-1	3.1665E-1	-3.1881E-1	5.1100E+2
-3.1868E-1	3.1812E-1	-3.1868E-1	2.9200E+2
-3.1856E-1	3.1665E-1	-3.1856E-1	4.3400E+2
-3.1844E-1	3.1665E-1	-3.1844E-1	7.1000E+1
-3.1832E-1	3.1592E-1	-3.1832E-1	4.4000E+2
-3.1832E-1	3.1567E-1	-3.1832E-1	9.8100E+2
-3.1820E-1	3.1396E-1	-3.1820E-1	8.9900E+2
-3.1807E-1	3.1299E-1	-3.1807E-1	8.5900E+2
-3.1795E-1	3.1250E-1	-3.1795E-1	7.7000E+2
-3.1783E-1	3.1177E-1	-3.1783E-1	1.0660E+3
-3.1771E-1	3.1104E-1	-3.1771E-1	1.1430E+3
-3.1759E-1	3.1104E-1	-3.1759E-1	1.1660E+3
-3.1746E-1	3.0933E-1	-3.1746E-1	3.9800E+2
-3.1746E-1	3.0957E-1	-3.1746E-1	5.6300E+2
-3.1734E-1	3.0884E-1	-3.1734E-1	-3.4800E+2
-3.1722E-1	3.0884E-1	-3.1722E-1	5.3300E+2
-3.1710E-1	3.0811E-1	-3.1710E-1	6.9300E+2
-3.1697E-1	3.0688E-1	-3.1697E-1	5.1500E+2
-3.1685E-1	3.0640E-1	-3.1685E-1	4.3500E+2
-3.1673E-1	3.0542E-1	-3.1673E-1	2.7800E+2
-3.1673E-1	3.0591E-1	-3.1673E-1	9.5800E+2
-3.1661E-1	3.0615E-1	-3.1661E-1	4.7700E+2
-3.1649E-1	3.0469E-1	-3.1649E-1	5.0500E+2
-3.1636E-1	3.0298E-1	-3.1636E-1	5.2700E+2
-3.1624E-1	3.0273E-1	-3.1624E-1	7.7100E+2
-3.1612E-1	3.0371E-1	-3.1612E-1	7.4400E+2
-3.1600E-1	3.0273E-1	-3.1600E-1	1.0440E+3
-3.1600E-1	3.0127E-1	-3.1600E-1	7.0400E+2
-3.1588E-1	3.0078E-1	-3.1588E-1	9.9300E+2
-3.1575E-1	3.0054E-1	-3.1575E-1	8.3300E+2
-3.1563E-1	3.0127E-1	-3.1563E-1	6.0900E+2
-3.1551E-1	3.0029E-1	-3.1551E-1	1.9200E+2
-3.1539E-1	2.9980E-1	-3.1539E-1	4.6000E+2
-3.1527E-1	2.9907E-1	-3.1527E-1	6.7900E+2
-3.1514E-1	2.9785E-1	-3.1514E-1	9.0800E+2
-3.1514E-1	2.9736E-1	-3.1514E-1	5.8400E+2
-3.1502E-1	2.9614E-1	-3.1502E-1	-4.6000E+1
-3.1490E-1	2.9565E-1	-3.1490E-1	7.3800E+2
-3.1478E-1	2.9639E-1	-3.1478E-1	1.1100E+3
-3.1466E-1	2.9565E-1	-3.1466E-1	3.1800E+2
-3.1453E-1	2.9492E-1	-3.1453E-1	2.0000E+2
-3.1441E-1	2.9443E-1	-3.1441E-1	4.9600E+2
-3.1441E-1	2.9492E-1	-3.1441E-1	-9.9000E+1
-3.1429E-1	2.9126E-1	-3.1429E-1	4.7000E+2
-3.1417E-1	2.9004E-1	-3.1417E-1	5.9100E+2
-3.1405E-1	2.9224E-1	-3.1405E-1	6.0200E+2
-3.1392E-1	2.8882E-1	-3.1392E-1	7.3800E+2
-3.1380E-1	2.8882E-1	-3.1380E-1	6.7300E+2
-3.1368E-1	2.9028E-1	-3.1368E-1	8.8000E+1
-3.1356E-1	2.8906E-1	-3.1356E-1	9.7000E+2
-3.1356E-1	2.8882E-1	-3.1356E-1	1.0330E+3
-3.1343E-1	2.8882E-1	-3.1343E-1	8.3100E+2
-3.1331E-1	2.8711E-1	-3.1331E-1	5.8000E+2
-3.1319E-1	2.8906E-1	-3.1319E-1	4.5600E+2
-3.1307E-1	2.8735E-1	-3.1307E-1	9.6200E+2
-3.1295E-1	2.8760E-1	-3.1295E-1	8.9300E+2
-3.1282E-1	2.8564E-1	-3.1282E-1	6.6600E+2
-3.1282E-1	2.8589E-1	-3.1282E-1	7.3700E+2
-3.1270E-1	2.8540E-1	-3.1270E-1	2.1600E+2
-3.1258E-1	2.8564E-1	-3.1258E-1	1.9700E+2
-3.1246E-1	2.8564E-1	-3.1246E-1	1.2390E+3
-3.1234E-1	2.8247E-1	-3.1234E-1	4.1400E+2
-3.1221E-1	2.8320E-1	-3.1221E-1	1.9700E+2
-3.1209E-1	2.8345E-1	-3.1209E-1	4.7000E+2
-3.1197E-1	2.8247E-1	-3.1197E-1	2.9900E+2
-3.1197E-1	2.8198E-1	-3.1197E-1	7.9300E+2
-3.1185E-1	2.8125E-1	-3.1185E-1	2.9000E+2
-3.1173E-1	2.8125E-1	-3.1173E-1	9.0400E+2
-3.1160E-1	2.8052E-1	-3.1160E-1	9.2100E+2
-3.1148E-1	2.7954E-1	-3.1148E-1	7.0000E+2
-3.1136E-1	2.8076E-1	-3.1136E-1	2.9000E+2
-3.1124E-1	2.8101E-1	-3.1124E-1	5.6900E+2
-3.1112E-1	2.7808E-1	-3.1112E-1	4.4100E+2
-3.1112E-1	2.7710E-1	-3.1112E-1	8.0000E+2
-3.1099E-1	2.7832E-1	-3.1099E-1	2.2300E+2
-3.1087E-1	2.7588E-1	-3.1087E-1	8.8400E+2
-3.1075E-1	2.7612E-1	-3.1075E-1	1.0300E+2
-3.1063E-1	2.7734E-1	-3.1063E-1	4.6200E+2
-3.1050E-1	2.7588E-1	-3.1050E-1	2.1600E+2
-3.1038E-1	2.7466E-1	-3.1038E-1	3.4700E+2
-3.1026E-1	2.7441E-1	-3.1026E-1	6.6400E+2
-3.1026E-1	2.7173E-1	-3.1026E-1	7.2700E+2
-3.1014E-1	2.7148E-1	-3.1014E-1	5.7800E+2
-3.1002E-1	2.7344E-1	-3.1002E-1	6.3300E+2
-3.0989E-1	2.7295E-1	-3.0989E-1	8.9100E+2
-3.0977E-1	2.7222E-1	-3.0977E-1	6.6900E+2
-3.0965E-1	2.6978E-1	-3.0965E-1	5.0200E+2
-3.0953E-1	2.7100E-1	-3.0953E-1	5.9800E+2
-3.0953E-1	2.7173E-1	-3.0953E-1	1.4500E+2
-3.0941E-1	2.7246E-1	-3.0941E-1	6.0900E+2
-3.0928E-1	2.7051E-1	-3.0928E-1	7.1600E+2
-3.0916E-1	2.6807E-1	-3.0916E-1	7.7300E+2
-3.0904E-1	2.6782E-1	-3.0904E-1	4.6000E+2
-3.0892E-1	2.6782E-1	-3.0892E-1	5.3800E+2
-3.0880E-1	2.6855E-1	-3.0880E-1	4.9200E+2
-3.0867E-1	2.6929E-1	-3.0867E-1	1.5430E+3
-3.0867E-1	2.6855E-1	-3.0867E-1	-2.5000E+1
-3.0855E-1	2.6733E-1	-3.0855E-1	3.2700E+2
-3.0843E-1	2.6709E-1	-3.0843E-1	-2.5400E+2
-3.0831E-1	2.6465E-1	-3.0831E-1	4.4100E+2
-3.0819E-1	2.6636E-1	-3.0819E-1	7.2000E+1
-3.0806E-1	2.6587E-1	-3.0806E-1	3.4300E+2
-3.0794E-1	2.6343E-1	-3.0794E-1	-4.3000E+1
-3.0794E-1	2.6465E-1	-3.0794E-1	3.0300E+2
-3.0782E-1	2.6465E-1	-3.0782E-1	3.2700E+2
-3.0770E-1	2.6318E-1	-3.0770E-1	2.7600E+2
-3.0757E-1	2.6270E-1	-3.0757E-1	4.9100E+2
-3.0745E-1	2.6172E-1	-3.0745E-1	6.5500E+2
-3.0733E-1	2.6074E-1	-3.0733E-1	-2.1000E+2
-3.0721E-1	2.6294E-1	-3.0721E-1	-4.5000E+1
-3.0721E-1	2.6318E-1	-3.0721E-1	1.0100E+3
-3.0709E-1	2.6099E-1	-3.0709E-1	1.0360E+3
-3.0696E-1	2.6318E-1	-3.0696E-1	7.5100E+2
-3.0684E-1	2.6196E-1	-3.0684E-1	1.2770E+3
-3.0672E-1	2.5952E-1	-3.0672E-1	2.3400E+2
-3.0660E-1	2.6221E-1	-3.0660E-1	9.0500E+2
-3.0648E-1	2.6001E-1	-3.0648E-1	1.2500E+2
-3.0635E-1	2.5757E-1	-3.0635E-1	2.6500E+2
-3.0635E-1	2.5757E-1	-3.0635E-1	5.8500E+2
-3.0623E-1	2.5854E-1	-3.0623E-1	1.6800E+2
-3.0611E-1	2.5635E-1	-3.0611E-1	1.1160E+3
-3.0599E-1	2.5757E-1	-3.0599E-1	5.2800E+2
-3.0587E-1	2.5732E-1	-3.0587E-1	7.1300E+2
-3.0574E-1	2.5806E-1	-3.0574E-1	2.2300E+2
-3.0562E-1	2.5586E-1	-3.0562E-1	-7.0000E+1
-3.0550E-1	2.5659E-1	-3.0550E-1	1.2790E+3
-3.0550E-1	2.5635E-1	-3.0550E-1	3.2500E+2
-3.0538E-1	2.5635E-1	-3.0538E-1	5.1400E+2
-3.0526E-1	2.5537E-1	-3.0526E-1	2.1400E+2
-3.0513E-1	2.5464E-1	-3.0513E-1	3.8000E+2
-3.0501E-1	2.5439E-1	-3.0501E-1	7.2000E+2
-3.0489E-1	2.5366E-1	-3.0489E-1	4.2100E+2
-3.0477E-1	2.5366E-1	-3.0477E-1	-2.8000E+1
-3.0465E-1	2.5317E-1	-3.0465E-1	3.4900E+2
-3.0465E-1	2.5366E-1	-3.0465E-1	9.0000E+2
-3.0452E-1	2.5317E-1	-3.0452E-1	2.0700E+2
-3.0440E-1	2.5366E-1	-3.0440E-1	1.6800E+2
-3.0428E-1	2.5269E-1	-3.0428E-1	7.4000E+2
-3.0416E-1	2.5244E-1	-3.0416E-1	1.2100E+2
-3.0403E-1	2.5317E-1	-3.0403E-1	-3.9000E+1
-3.0391E-1	2.5171E-1	-3.0391E-1	6.4900E+2
-3.0391E-1	2.5244E-1	-3.0391E-1	6.7800E+2
-3.0379E-1	2.5244E-1	-3.0379E-1	7.9400E+2
-3.0367E-1	2.5049E-1	-3.0367E-1	4.9400E+2
-3.0355E-1	2.5024E-1	-3.0355E-1	5.4200E+2
-3.0342E-1	2.5049E-1	-3.0342E-1	4.0000E+2
-3.0330E-1	2.5000E-1	-3.0330E-1	-4.6000E+1
-3.0318E-1	2.4731E-1	-3.0318E-1	-8.0000E+0
-3.0306E-1	2.5073E-1	-3.0306E-1	9.9000E+1
-3.0306E-1	2.4878E-1	-3.0306E-1	5.9500E+2
-3.0294E-1	2.4878E-1	-3.0294E-1	6.2200E+2
-3.0281E-1	2.4780E-1	-3.0281E-1	4.4500E+2
-3.0269E-1	2.4683E-1	-3.0269E-1	4.0700E+2
-3.0257E-1	2.4707E-1	-3.0257E-1	4.2900E+2
-3.0245E-1	2.4536E-1	-3.0245E-1	4.4300E+2
-3.0233E-1	2.4634E-1	-3.0233E-1	2.2700E+2
-3.0233E-1	2.4585E-1	-3.0233E-1	8.8200E+2
-3.0220E-1	2.4512E-1	-3.0220E-1	4.0900E+2
-3.0208E-1	2.4438E-1	-3.0208E-1	4.8500E+2
-3.0196E-1	2.4512E-1	-3.0196E-1	4.4400E+2
-3.0184E-1	2.4585E-1	-3.0184E-1	-1.9000E+1
-3.0172E-1	2.4414E-1	-3.0172E-1	4.0000E+2
-3.0159E-1	2.4463E-1	-3.0159E-1	6.9500E+2
-3.0147E-1	2.4219E-1	-3.0147E-1	1.5200E+2
-3.0147E-1	2.4243E-1	-3.0147E-1	1.5900E+2
-3.0135E-1	2.4365E-1	-3.0135E-1	2.5000E+1
-3.0123E-1	2.4292E-1	-3.0123E-1	2.9400E+2
-3.0110E-1	2.4194E-1	-3.0110E-1	5.2200E+2
-3.0098E-1	2.4146E-1	-3.0098E-1	1.9600E+2
-3.0086E-1	2.4316E-1	-3.0086E-1	-9.4000E+1
-3.0074E-1	2.4170E-1	-3.0074E-1	1.2600E+2
-3.0074E-1	2.4146E-1	-3.0074E-1	-2.7300E+2
-3.0062E-1	2.4097E-1	-3.0062E-1	6.7400E+2
-3.0049E-1	2.4097E-1	-3.0049E-1	2.1200E+2
-3.0037E-1	2.4097E-1	-3.0037E-1	2.7200E+2
-3.0025E-1	2.4072E-1	-3.0025E-1	9.2000E+1
-3.0013E-1	2.3999E-1	-3.0013E-1	3.9800E+2
-3.0001E-1	2.3999E-1	-3.0001E-1	9.4000E+1
-2.9988E-1	2.4072E-1	-2.9988E-1	-2.4800E+2
-2.9988E-1	2.3828E-1	-2.9988E-1	4.4000E+1
-2.9976E-1	2.3926E-1	-2.9976E-1	1.6700E+2
-2.9964E-1	2.3999E-1	-2.9964E-1	1.3200E+2
-2.9952E-1	2.3706E-1	-2.9952E-1	2.3000E+2
-2.9940E-1	2.3950E-1	-2.9940E-1	1.1200E+2
-2.9927E-1	2.3926E-1	-2.9927E-1	-1.7000E+2
-2.9915E-1	2.3706E-1	-2.9915E-1	-9.2000E+1
-2.9915E-1	2.3853E-1	-2.9915E-1	-4.7600E+2
-2.9903E-1	2.3608E-1	-2.9903E-1	8.7000E+1
-2.9891E-1	2.3828E-1	-2.9891E-1	6.0000E+0
-2.9879E-1	2.3853E-1	-2.9879E-1	1.2000E+1
-2.9866E-1	2.3584E-1	-2.9866E-1	-2.0300E+2
-2.9854E-1	2.3535E-1	-2.9854E-1	8.7100E+2
-2.9842E-1	2.3730E-1	-2.9842E-1	1.3200E+2
-2.9830E-1	2.3706E-1	-2.9830E-1	1.1400E+2
-2.9830E-1	2.3511E-1	-2.9830E-1	-3.0500E+2
-2.9817E-1	2.3560E-1	-2.9817E-1	6.6700E+2
-2.9805E-1	2.3511E-1	-2.9805E-1	6.2500E+2
-2.9793E-1	2.3486E-1	-2.9793E-1	-2.6700E+2
-2.9781E-1	2.3560E-1	-2.9781E-1	3.1000E+2
-2.9769E-1	2.3315E-1	-2.9769E-1	4.2500E+2
-2.9756E-1	2.3462E-1	-2.9756E-1	1.0300E+2
-2.9744E-1	2.3438E-1	-2.9744E-1	-3.6100E+2
-2.9744E-1	2.3438E-1	-2.9744E-1	3.4100E+2
-2.9732E-1	2.3438E-1	-2.9732E-1	5.1600E+2
-2.9720E-1	2.3511E-1	-2.9720E-1	-8.0000E+0
-2.9708E-1	2.3413E-1	-2.9708E-1	3.0000E+0
-2.9695E-1	2.3438E-1	-2.9695E-1	-5.4200E+2
-2.9683E-1	2.3315E-1	-2.9683E-1	2.3800E+2
-2.9671E-1	2.3315E-1	-2.9671E-1	-1.4400E+2
-2.9671E-1	2.3315E-1	-2.9671E-1	1.3400E+2
-2.9659E-1	2.3145E-1	-2.9659E-1	3.1700E+2
-2.9647E-1	2.3413E-1	-2.9647E-1	3.0000E+0
-2.9634E-1	2.3267E-1	-2.9634E-1	4.7400E+2
-2.9622E-1	2.3267E-1	-2.9622E-1	1.4900E+2
-2.9610E-1	2.3096E-1	-2.9610E-1	2.2300E+2
-2.9598E-1	2.3120E-1	-2.9598E-1	4.7000E+2
-2.9586E-1	2.3218E-1	-2.9586E-1	-4.0200E+2
-2.9586E-1	2.3047E-1	-2.9586E-1	7.2000E+1
-2.9573E-1	2.3267E-1	-2.9573E-1	7.8000E+2
-2.9561E-1	2.3267E-1	-2.9561E-1	-4.5000E+1
-2.9549E-1	2.3120E-1	-2.9549E-1	-1.0100E+2
-2.9537E-1	2.3047E-1	-2.9537E-1	5.1400E+2
-2.9525E-1	2.3218E-1	-2.9525E-1	4.4500E+2
-2.9512E-1	2.3096E-1	-2.9512E-1	-1.5600E+2
-2.9512E-1	2.3120E-1	-2.9512E-1	3.0200E+2
-2.9500E-1	2.3169E-1	-2.9500E-1	1.9000E+2
-2.9488E-1	2.3047E-1	-2.9488E-1	7.7000E+1
-2.9476E-1	2.3120E-1	-2.9476E-1	3.8300E+2
-2.9463E-1	2.3047E-1	-2.9463E-1	-1.3000E+2
-2.9451E-1	2.3071E-1	-2.9451E-1	4.8000E+1
-2.9439E-1	2.3022E-1	-2.9439E-1	-3.1200E+2
-2.9427E-1	2.2852E-1	-2.9427E-1	-2.2100E+2
-2.9427E-1	2.2998E-1	-2.9427E-1	8.9100E+2
-2.9415E-1	2.3071E-1	-2.9415E-1	4.7400E+2
-2.9402E-1	2.2827E-1	-2.9402E-1	-8.5000E+1
-2.9390E-1	2.2925E-1	-2.9390E-1	-1.0000E+1
-2.9378E-1	2.2729E-1	-2.9378E-1	-2.1300E+2
-2.9366E-1	2.2827E-1	-2.9366E-1	1.9600E+2
-2.9354E-1	2.2974E-1	-2.9354E-1	6.0100E+2
-2.9354E-1	2.2925E-1	-2.9354E-1	6.7300E+2
-2.9341E-1	2.2778E-1	-2.9341E-1	-1.3100E+2
-2.9329E-1	2.2803E-1	-2.9329E-1	1.0000E+0
-2.9317E-1	2.2729E-1	-2.9317E-1	2.7900E+2
-2.9305E-1	2.2803E-1	-2.9305E-1	1.9000E+1
-2.9293E-1	2.2876E-1	-2.9293E-1	-1.4500E+2
-2.9280E-1	2.2754E-1	-2.9280E-1	2.7800E+2
-2.9268E-1	2.2900E-1	-2.9268E-1	1.1300E+2
-2.9268E-1	2.2803E-1	-2.9268E-1	-3.2000E+2
-2.9256E-1	2.2900E-1	-2.9256E-1	-2.3100E+2
-2.9244E-1	2.2827E-1	-2.9244E-1	1.4700E+2
-2.9232E-1	2.2754E-1	-2.9232E-1	-1.4300E+2
-2.9219E-1	2.2656E-1	-2.9219E-1	-5.7000E+1
-2.9207E-1	2.2803E-1	-2.9207E-1	-1.8900E+2
-2.9195E-1	2.2583E-1	-2.9195E-1	-1.8700E+2
-2.9183E-1	2.2656E-1	-2.9183E-1	8.8000E+1
-2.9183E-1	2.2632E-1	-2.9183E-1	-1.7200E+2
-2.9170E-1	2.2681E-1	-2.9170E-1	2.0900E+2
-2.9158E-1	2.2681E-1	-2.9158E-1	4.8900E+2
-2.9146E-1	2.2656E-1	-2.9146E-1	-4.2000E+2
-2.9134E-1	2.2656E-1	-2.9134E-1	8.8000E+1
-2.9122E-1	2.2632E-1	-2.9122E-1	-3.4100E+2
-2.9109E-1	2.2485E-1	-2.9109E-1	2.8700E+2
-2.9097E-1	2.2656E-1	-2.9097E-1	3.0100E+2
-2.9097E-1	2.2607E-1	-2.9097E-1	1.0800E+2
-2.9085E-1	2.2607E-1	-2.9085E-1	-3.0900E+2
-2.9073E-1	2.2632E-1	-2.9073E-1	-2.1400E+2
-2.9061E-1	2.2534E-1	-2.9061E-1	-5.3000E+1
-2.9048E-1	2.2583E-1	-2.9048E-1	-4.1000E+1
-2.9036E-1	2.2705E-1	-2.9036E-1	4.0000E+1
-2.9024E-1	2.2607E-1	-2.9024E-1	-2.8800E+2
-2.9024E-1	2.2583E-1	-2.9024E-1	-4.0700E+2
-2.9012E-1	2.2583E-1	-2.9012E-1	3.0500E+2
-2.9000E-1	2.2607E-1	-2.9000E-1	7.5000E+1
-2.8987E-1	2.2534E-1	-2.8987E-1	6.1100E+2
-2.8975E-1	2.2437E-1	-2.8975E-1	-5.2000E+1
-2.8963E-1	2.2583E-1	-2.8963E-1	4.0500E+2
-2.8951E-1	2.2485E-1	-2.8951E-1	3.2900E+2
-2.8939E-1	2.2583E-1	-2.8939E-1	6.4000E+1
-2.8939E-1	2.2607E-1	-2.8939E-1	2.9900E+2
-2.8926E-1	2.2388E-1	-2.8926E-1	6.9000E+1
-2.8914E-1	2.2412E-1	-2.8914E-1	2.5200E+2
-2.8902E-1	2.2559E-1	-2.8902E-1	-3.4700E+2
-2.8890E-1	2.2339E-1	-2.8890E-1	-7.2000E+1
-2.8877E-1	2.2607E-1	-2.8877E-1	-7.2000E+1
-2.8865E-1	2.2559E-1	-2.8865E-1	-2.1000E+2
-2.8865E-1	2.2437E-1	-2.8865E-1	-1.9200E+2
-2.8853E-1	2.2485E-1	-2.8853E-1	-1.9600E+2
-2.8841E-1	2.2510E-1	-2.8841E-1	1.1400E+2
-2.8829E-1	2.2241E-1	-2.8829E-1	1.4100E+2
-2.8816E-1	2.2412E-1	-2.8816E-1	-4.3600E+2
-2.8804E-1	2.2388E-1	-2.8804E-1	1.3900E+2
-2.8792E-1	2.2314E-1	-2.8792E-1	-1.4300E+2
-2.8792E-1	2.2461E-1	-2.8792E-1	3.0000E+1
-2.8780E-1	2.2461E-1	-2.8780E-1	1.4600E+2
-2.8768E-1	2.2363E-1	-2.8768E-1	-6.1000E+1
-2.8755E-1	2.2363E-1	-2.8755E-1	3.0000E+1
-2.8743E-1	2.2339E-1	-2.8743E-1	-1.8900E+2
-2.8731E-1	2.2461E-1	-2.8731E-1	-5.1200E+2
-2.8719E-1	2.2461E-1	-2.8719E-1	-6.3500E+2
-2.8707E-1	2.2363E-1	-2.8707E-1	3.7600E+2
-2.8707E-1	2.2363E-1	-2.8707E-1	-3.5400E+2
-2.8694E-1	2.2681E-1	-2.8694E-1	-8.5000E+1
-2.8682E-1	2.2412E-1	-2.8682E-1	-5.2500E+2
-2.8670E-1	2.2510E-1	-2.8670E-1	-1.4900E+2
-2.8658E-1	2.2607E-1	-2.8658E-1	2.5900E+2
-2.8646E-1	2.2388E-1	-2.8646E-1	-2.5900E+2
-2.8633E-1	2.2485E-1	-2.8633E-1	1.3000E+2
-2.8633E-1	2.2339E-1	-2.8633E-1	-2.9800E+2
-2.8621E-1	2.2339E-1	-2.8621E-1	-3.5300E+2
-2.8609E-1	2.2388E-1	-2.8609E-1	1.3900E+2
-2.8597E-1	2.2510E-1	-2.8597E-1	4.2100E+2
-2.8585E-1	2.2241E-1	-2.8585E-1	-2.0300E+2
-2.8572E-1	2.2534E-1	-2.8572E-1	-2.8100E+2
-2.8560E-1	2.2607E-1	-2.8560E-1	-5.0000E+2
-2.8548E-1	2.2339E-1	-2.8548E-1	-7.9000E+1
-2.8548E-1	2.2485E-1	-2.8548E-1	-2.6500E+2
-2.8536E-1	2.2632E-1	-2.8536E-1	-1.5900E+2
-2.8523E-1	2.2461E-1	-2.8523E-1	-7.5300E+2
-2.8511E-1	2.2461E-1	-2.8511E-1	3.0900E+2
-2.8499E-1	2.2412E-1	-2.8499E-1	-1.0500E+2
-2.8487E-1	2.2339E-1	-2.8487E-1	1.4300E+2
-2.8475E-1	2.2656E-1	-2.8475E-1	-1.2100E+2
-2.8462E-1	2.2632E-1	-2.8462E-1	-5.2000E+2
-2.8462E-1	2.2412E-1	-2.8462E-1	-4.2300E+2
-2.8450E-1	2.2559E-1	-2.8450E-1	-4.1600E+2
-2.8438E-1	2.2632E-1	-2.8438E-1	-6.0000E+2
-2.8426E-1	2.2607E-1	-2.8426E-1	1.0000E+0
-2.8414E-1	2.2461E-1	-2.8414E-1	3.0000E+1
-2.8401E-1	2.2363E-1	-2.8401E-1	5.0000E+1
-2.8389E-1	2.2388E-1	-2.8389E-1	-3.7100E+2
-2.8377E-1	2.2729E-1	-2.8377E-1	-4.7800E+2
-2.8377E-1	2.2485E-1	-2.8377E-1	-2.5400E+2
-2.8365E-1	2.2583E-1	-2.8365E-1	-2.6100E+2
-2.8353E-1	2.2656E-1	-2.8353E-1	-1.9400E+2
-2.8340E-1	2.2632E-1	-2.8340E-1	-3.4700E+2
-2.8328E-1	2.2632E-1	-2.8328E-1	-7.1500E+2
-2.8316E-1	2.2534E-1	-2.8316E-1	1.7400E+2
-2.8304E-1	2.2607E-1	-2.8304E-1	-6.3300E+2
-2.8304E-1	2.2534E-1	-2.8304E-1	-6.6000E+2
-2.8292E-1	2.2632E-1	-2.8292E-1	-4.8900E+2
-2.8279E-1	2.2559E-1	-2.8279E-1	-4.5200E+2
-2.8267E-1	2.2559E-1	-2.8267E-1	-1.2700E+2
-2.8255E-1	2.2607E-1	-2.8255E-1	-2.2800E+2
-2.8243E-1	2.2803E-1	-2.8243E-1	2.6000E+1
-2.8230E-1	2.2607E-1	-2.8230E-1	-6.3800E+2
-2.8218E-1	2.2852E-1	-2.8218E-1	-3.4300E+2
-2.8218E-1	2.2559E-1	-2.8218E-1	1.4100E+2
-2.8206E-1	2.2656E-1	-2.8206E-1	-6.8200E+2
-2.8194E-1	2.2559E-1	-2.8194E-1	-2.4700E+2
-2.8182E-1	2.2607E-1	-2.8182E-1	-4.9400E+2
-2.8169E-1	2.2754E-1	-2.8169E-1	-4.9000E+1
-2.8157E-1	2.2607E-1	-2.8157E-1	-6.7600E+2
-2.8145E-1	2.2729E-1	-2.8145E-1	-3.5600E+2
-2.8145E-1	2.2656E-1	-2.8145E-1	-4.6500E+2
-2.8133E-1	2.2852E-1	-2.8133E-1	-4.7600E+2
-2.8121E-1	2.2754E-1	-2.8121E-1	-9.5000E+1
-2.8108E-1	2.2632E-1	-2.8108E-1	-4.7300E+2
-2.8096E-1	2.2900E-1	-2.8096E-1	-2.8800E+2
-2.8084E-1	2.2827E-1	-2.8084E-1	-3.6700E+2
-2.8072E-1	2.2803E-1	-2.8072E-1	6.0000E+0
-2.8060E-1	2.2827E-1	-2.8060E-1	-1.2300E+2
-2.8060E-1	2.2852E-1	-2.8060E-1	-4.3500E+2
-2.8047E-1	2.2827E-1	-2.8047E-1	1.1000E+1
-2.8035E-1	2.2998E-1	-2.8035E-1	-2.3200E+2
-2.8023E-1	2.3022E-1	-2.8023E-1	-3.0000E+2
-2.8011E-1	2.2827E-1	-2.8011E-1	-3.9600E+2
-2.7999E-1	2.2925E-1	-2.7999E-1	2.9200E+2
-2.7986E-1	2.2925E-1	-2.7986E-1	-4.5000E+2
-2.7986E-1	2.2852E-1	-2.7986E-1	-2.8500E+2
-2.7974E-1	2.3071E-1	-2.7974E-1	-1.9600E+2
-2.7962E-1	2.2974E-1	-2.7962E-1	-6.8200E+2
-2.7950E-1	2.2949E-1	-2.7950E-1	-4.1100E+2
-2.7937E-1	2.2974E-1	-2.7937E-1	5.0000E+1
-2.7925E-1	2.3047E-1	-2.7925E-1	5.0300E+2
-2.7913E-1	2.2974E-1	-2.7913E-1	-2.9800E+2
-2.7901E-1	2.3022E-1	-2.7901E-1	-1.0090E+3
-2.7901E-1	2.3047E-1	-2.7901E-1	6.2000E+1
-2.7889E-1	2.3047E-1	-2.7889E-1	-3.6300E+2
-2.7876E-1	2.3413E-1	-2.7876E-1	-1.2500E+2
-2.7864E-1	2.3096E-1	-2.7864E-1	-3.4500E+2
-2.7852E-1	2.3047E-1	-2.7852E-1	-2.9600E+2
-2.7840E-1	2.3267E-1	-2.7840E-1	-3.9600E+2
-2.7828E-1	2.3267E-1	-2.7828E-1	-6.7400E+2
-2.7815E-1	2.3340E-1	-2.7815E-1	-1.1800E+2
-2.7815E-1	2.3071E-1	-2.7815E-1	-1.3010E+3
-2.7803E-1	2.3364E-1	-2.7803E-1	-2.3800E+2
-2.7791E-1	2.3145E-1	-2.7791E-1	-2.4100E+2
-2.7779E-1	2.3315E-1	-2.7779E-1	-8.3700E+2
-2.7767E-1	2.3169E-1	-2.7767E-1	-8.5100E+2
-2.7754E-1	2.3511E-1	-2.7754E-1	-6.5300E+2
-2.7742E-1	2.3364E-1	-2.7742E-1	-8.1000E+1
-2.7742E-1	2.3267E-1	-2.7742E-1	-5.2200E+2
-2.7730E-1	2.3486E-1	-2.7730E-1	-7.1700E+2
-2.7718E-1	2.3291E-1	-2.7718E-1	5.6200E+2
-2.7706E-1	2.3364E-1	-2.7706E-1	-8.0000E+2
-2.7693E-1	2.3462E-1	-2.7693E-1	-5.7300E+2
-2.7681E-1	2.3682E-1	-2.7681E-1	-7.0000E+2
-2.7669E-1	2.3535E-1	-2.7669E-1	8.8000E+1
-2.7657E-1	2.3486E-1	-2.7657E-1	-7.4200E+2
-2.7657E-1	2.3511E-1	-2.7657E-1	-1.4300E+2
-2.7645E-1	2.3584E-1	-2.7645E-1	-6.0000E+2
-2.7632E-1	2.3608E-1	-2.7632E-1	1.1000E+2
-2.7620E-1	2.3608E-1	-2.7620E-1	9.5000E+1
-2.7608E-1	2.3706E-1	-2.7608E-1	1.2800E+2
-2.7596E-1	2.3730E-1	-2.7596E-1	-5.2000E+2
-2.7583E-1	2.3608E-1	-2.7583E-1	-5.1800E+2
-2.7583E-1	2.3657E-1	-2.7583E-1	-7.4900E+2
-2.7571E-1	2.3657E-1	-2.7571E-1	-3.6000E+2
-2.7559E-1	2.3804E-1	-2.7559E-1	1.4600E+2
-2.7547E-1	2.3706E-1	-2.7547E-1	-5.5300E+2
-2.7535E-1	2.3877E-1	-2.7535E-1	-1.5700E+2
-2.7522E-1	2.3877E-1	-2.7522E-1	-8.5000E+1
-2.7510E-1	2.3877E-1	-2.7510E-1	-4.0700E+2
-2.7498E-1	2.3999E-1	-2.7498E-1	-1.7200E+2
-2.7498E-1	2.3950E-1	-2.7498E-1	-2.8000E+2
-2.7486E-1	2.3828E-1	-2.7486E-1	-3.5400E+2
-2.7474E-1	2.3950E-1	-2.7474E-1	1.0500E+2
-2.7461E-1	2.3926E-1	-2.7461E-1	-2.5100E+2
-2.7449E-1	2.3950E-1	-2.7449E-1	-1.5400E+2
-2.7437E-1	2.4268E-1	-2.7437E-1	-1.3480E+3
-2.7425E-1	2.3975E-1	-2.7425E-1	-5.2900E+2
-2.7425E-1	2.4048E-1	-2.7425E-1	-4.8600E+2
-2.7413E-1	2.4097E-1	-2.7413E-1	-5.6000E+2
-2.7400E-1	2.4121E-1	-2.7400E-1	-3.2700E+2
-2.7388E-1	2.4243E-1	-2.7388E-1	-3.9000E+1
-2.7376E-1	2.4194E-1	-2.7376E-1	-6.8000E+2
-2.7364E-1	2.3999E-1	-2.7364E-1	-2.8300E+2
-2.7352E-1	2.4219E-1	-2.7352E-1	3.7000E+1
-2.7339E-1	2.4438E-1	-2.7339E-1	-5.2000E+2
-2.7339E-1	2.4341E-1	-2.7339E-1	-4.6100E+2
-2.7327E-1	2.4316E-1	-2.7327E-1	-5.9600E+2
-2.7315E-1	2.4316E-1	-2.7315E-1	-7.6600E+2
-2.7303E-1	2.4341E-1	-2.7303E-1	-6.8400E+2
-2.7290E-1	2.4316E-1	-2.7290E-1	-3.6400E+2
-2.7278E-1	2.4463E-1	-2.7278E-1	-9.4000E+1
-2.7266E-1	2.4390E-1	-2.7266E-1	-8.2000E+2
-2.7266E-1	2.4585E-1	-2.7266E-1	-1.3400E+2
-2.7254E-1	2.4487E-1	-2.7254E-1	-4.7300E+2
-2.7242E-1	2.4585E-1	-2.7242E-1	-4.3100E+2
-2.7229E-1	2.4634E-1	-2.7229E-1	-2.8200E+2
-2.7217E-1	2.4487E-1	-2.7217E-1	-8.8600E+2
-2.7205E-1	2.4585E-1	-2.7205E-1	-1.1600E+2
-2.7193E-1	2.4512E-1	-2.7193E-1	-1.0040E+3
-2.7181E-1	2.4731E-1	-2.7181E-1	-9.0800E+2
-2.7181E-1	2.4609E-1	-2.7181E-1	-5.5200E+2
-2.7168E-1	2.4805E-1	-2.7168E-1	-4.4400E+2
-2.7156E-1	2.4634E-1	-2.7156E-1	-8.2200E+2
-2.7144E-1	2.4756E-1	-2.7144E-1	-5.2800E+2
-2.7132E-1	2.4805E-1	-2.7132E-1	-1.2400E+2
-2.7120E-1	2.4927E-1	-2.7120E-1	-5.9300E+2
-2.7107E-1	2.4951E-1	-2.7107E-1	-4.3000E+1
-2.7095E-1	2.4805E-1	-2.7095E-1	-7.4600E+2
-2.7095E-1	2.5000E-1	-2.7095E-1	-3.6200E+2
-2.7083E-1	2.4951E-1	-2.7083E-1	-6.5600E+2
-2.7071E-1	2.5098E-1	-2.7071E-1	-5.4700E+2
-2.7059E-1	2.5024E-1	-2.7059E-1	-9.2400E+2
-2.7046E-1	2.5073E-1	-2.7046E-1	-1.2390E+3
-2.7034E-1	2.5244E-1	-2.7034E-1	-7.3100E+2
-2.7022E-1	2.5098E-1	-2.7022E-1	-4.8000E+2
-2.7010E-1	2.5049E-1	-2.7010E-1	-6.3700E+2
-2.7010E-1	2.5269E-1	-2.7010E-1	-6.0400E+2
-2.6997E-1	2.5244E-1	-2.6997E-1	-2.2300E+2
-2.6985E-1	2.5317E-1	-2.6985E-1	-8.6600E+2
-2.6973E-1	2.5293E-1	-2.6973E-1	7.9000E+1
-2.6961E-1	2.5464E-1	-2.6961E-1	-3.2700E+2
-2.6949E-1	2.5293E-1	-2.6949E-1	-6.2200E+2
-2.6936E-1	2.5391E-1	-2.6936E-1	-5.9100E+2
-2.6936E-1	2.5562E-1	-2.6936E-1	-6.8400E+2
-2.6924E-1	2.5537E-1	-2.6924E-1	-2.2300E+2
-2.6912E-1	2.5537E-1	-2.6912E-1	-9.8800E+2
-2.6900E-1	2.5684E-1	-2.6900E-1	-6.3800E+2
-2.6888E-1	2.5781E-1	-2.6888E-1	-7.6000E+1
-2.6875E-1	2.5610E-1	-2.6875E-1	-7.8000E+2
-2.6863E-1	2.5732E-1	-2.6863E-1	-5.5300E+2
-2.6863E-1	2.5757E-1	-2.6863E-1	-5.6400E+2
-2.6851E-1	2.5903E-1	-2.6851E-1	-4.3100E+2
-2.6839E-1	2.5879E-1	-2.6839E-1	-9.2800E+2
-2.6827E-1	2.5684E-1	-2.6827E-1	-1.8300E+2
-2.6814E-1	2.6025E-1	-2.6814E-1	-6.9500E+2
-2.6802E-1	2.5854E-1	-2.6802E-1	1.3200E+2
-2.6790E-1	2.5903E-1	-2.6790E-1	-1.0020E+3
-2.6778E-1	2.6074E-1	-2.6778E-1	-7.8900E+2
-2.6778E-1	2.6001E-1	-2.6778E-1	-5.2200E+2
-2.6766E-1	2.6123E-1	-2.6766E-1	-7.4400E+2
-2.6753E-1	2.6099E-1	-2.6753E-1	-5.2000E+2
-2.6741E-1	2.6196E-1	-2.6741E-1	-1.0440E+3
-2.6729E-1	2.6099E-1	-2.6729E-1	-3.8700E+2
-2.6717E-1	2.6416E-1	-2.6717E-1	-8.3400E+2
-2.6705E-1	2.6318E-1	-2.6705E-1	-3.1600E+2
-2.6705E-1	2.6270E-1	-2.6705E-1	-5.4200E+2
-2.6692E-1	2.6611E-1	-2.6692E-1	-8.7100E+2
-2.6680E-1	2.6367E-1	-2.6680E-1	-2.9700E+2
-2.6668E-1	2.6440E-1	-2.6668E-1	-6.4400E+2
-2.6656E-1	2.6587E-1	-2.6656E-1	-6.7700E+2
-2.6643E-1	2.6440E-1	-2.6643E-1	-7.2800E+2
-2.6631E-1	2.6685E-1	-2.6631E-1	-5.6800E+2
-2.6619E-1	2.6758E-1	-2.6619E-1	-8.6600E+2
-2.6619E-1	2.6660E-1	-2.6619E-1	-4.1600E+2
-2.6607E-1	2.6685E-1	-2.6607E-1	-7.8800E+2
-2.6595E-1	2.6904E-1	-2.6595E-1	-4.3300E+2
-2.6582E-1	2.6855E-1	-2.6582E-1	-7.9100E+2
-2.6570E-1	2.6904E-1	-2.6570E-1	-3.0100E+2
-2.6558E-1	2.6904E-1	-2.6558E-1	-1.0500E+3
-2.6546E-1	2.6831E-1	-2.6546E-1	-1.0190E+3
-2.6534E-1	2.6807E-1	-2.6534E-1	-8.8000E+2
-2.6534E-1	2.7075E-1	-2.6534E-1	-9.2000E+2
-2.6521E-1	2.7075E-1	-2.6521E-1	-7.7800E+2
-2.6509E-1	2.7197E-1	-2.6509E-1	-7.9300E+2
-2.6497E-1	2.7319E-1	-2.6497E-1	-6.2200E+2
-2.6485E-1	2.7124E-1	-2.6485E-1	-3.7700E+2
-2.6473E-1	2.7246E-1	-2.6473E-1	-7.6200E+2
-2.6460E-1	2.7222E-1	-2.6460E-1	-6.3800E+2
-2.6448E-1	2.7100E-1	-2.6448E-1	-7.4400E+2
-2.6448E-1	2.7393E-1	-2.6448E-1	-6.5500E+2
-2.6436E-1	2.7344E-1	-2.6436E-1	-8.5900E+2
-2.6424E-1	2.7368E-1	-2.6424E-1	-8.5300E+2
-2.6412E-1	2.7588E-1	-2.6412E-1	-6.7300E+2
-2.6399E-1	2.7563E-1	-2.6399E-1	-4.9500E+2
-2.6387E-1	2.7588E-1	-2.6387E-1	-1.0950E+3
-2.6375E-1	2.7588E-1	-2.6375E-1	-7.9000E+2
-2.6375E-1	2.7637E-1	-2.6375E-1	-6.2200E+2
-2.6363E-1	2.7710E-1	-2.6363E-1	-8.1300E+2
-2.6350E-1	2.7832E-1	-2.6350E-1	-4.6000E+2
-2.6338E-1	2.7905E-1	-2.6338E-1	-1.2170E+3
-2.6326E-1	2.7979E-1	-2.6326E-1	-6.1100E+2
-2.6314E-1	2.7930E-1	-2.6314E-1	-7.7300E+2
-2.6302E-1	2.8101E-1	-2.6302E-1	-6.1100E+2
-2.6289E-1	2.8052E-1	-2.6289E-1	4.1000E+1
-2.6289E-1	2.8198E-1	-2.6289E-1	-7.2600E+2
-2.6277E-1	2.8149E-1	-2.6277E-1	-3.0300E+2
-2.6265E-1	2.8247E-1	-2.6265E-1	-7.2200E+2
-2.6253E-1	2.8369E-1	-2.6253E-1	-7.2200E+2
-2.6241E-1	2.8247E-1	-2.6241E-1	-5.0000E+2
-2.6228E-1	2.8394E-1	-2.6228E-1	-1.1550E+3
-2.6216E-1	2.8442E-1	-2.6216E-1	-6.3300E+2
-2.6216E-1	2.8491E-1	-2.6216E-1	-8.7500E+2
-2.6204E-1	2.8442E-1	-2.6204E-1	-7.7800E+2
-2.6192E-1	2.8442E-1	-2.6192E-1	-1.0810E+3
-2.6180E-1	2.8442E-1	-2.6180E-1	-1.4000E+3
-2.6167E-1	2.8687E-1	-2.6167E-1	-1.0010E+3
-2.6155E-1	2.8711E-1	-2.6155E-1	-1.3550E+3
-2.6143E-1	2.8809E-1	-2.6143E-1	-8.4700E+2
-2.6131E-1	2.8784E-1	-2.6131E-1	-7.9900E+2
-2.6131E-1	2.9102E-1	-2.6131E-1	-6.7500E+2
-2.6119E-1	2.8857E-1	-2.6119E-1	-7.3100E+2
-2.6106E-1	2.9004E-1	-2.6106E-1	-6.6000E+2
-2.6094E-1	2.9102E-1	-2.6094E-1	-8.9100E+2
-2.6082E-1	2.9028E-1	-2.6082E-1	-9.2200E+2
-2.6070E-1	2.9175E-1	-2.6070E-1	-1.0840E+3
-2.6057E-1	2.9395E-1	-2.6057E-1	-7.8600E+2
-2.6057E-1	2.9199E-1	-2.6057E-1	-1.2140E+3
-2.6045E-1	2.9321E-1	-2.6045E-1	-6.9900E+2
-2.6033E-1	2.9395E-1	-2.6033E-1	-3.7300E+2
-2.6021E-1	2.9443E-1	-2.6021E-1	-3.5500E+2
-2.6009E-1	2.9517E-1	-2.6009E-1	-1.1250E+3
-2.5996E-1	2.9517E-1	-2.5996E-1	-1.0590E+3
-2.5984E-1	2.9639E-1	-2.5984E-1	-1.1330E+3
-2.5984E-1	2.9614E-1	-2.5984E-1	-1.0370E+3
-2.5972E-1	2.9468E-1	-2.5972E-1	-1.0210E+3
-2.5960E-1	2.9810E-1	-2.5960E-1	-1.0650E+3
-2.5948E-1	2.9858E-1	-2.5948E-1	-6.2800E+2
-2.5935E-1	2.9956E-1	-2.5935E-1	-5.2100E+2
-2.5923E-1	3.0054E-1	-2.5923E-1	-7.7100E+2
-2.5911E-1	3.0176E-1	-2.5911E-1	-3.9300E+2
-2.5899E-1	3.0054E-1	-2.5899E-1	-8.2800E+2
-2.5899E-1	2.9932E-1	-2.5899E-1	-6.1100E+2
-2.5887E-1	3.0176E-1	-2.5887E-1	-1.2610E+3
-2.5874E-1	3.0225E-1	-2.5874E-1	-9.9900E+2
-2.5862E-1	3.0444E-1	-2.5862E-1	-4.4200E+2
-2.5850E-1	3.0396E-1	-2.5850E-1	-1.1170E+3
-2.5838E-1	3.0493E-1	-2.5838E-1	-5.6400E+2
-2.5826E-1	3.0469E-1	-2.5826E-1	-6.8000E+2
-2.5813E-1	3.0493E-1	-2.5813E-1	-1.1680E+3
-2.5813E-1	3.0493E-1	-2.5813E-1	-6.0600E+2
-2.5801E-1	3.0469E-1	-2.5801E-1	-2.9100E+2
-2.5789E-1	3.0688E-1	-2.5789E-1	-1.4560E+3
-2.5777E-1	3.0859E-1	-2.5777E-1	-9.8600E+2
-2.5765E-1	3.0762E-1	-2.5765E-1	-1.3430E+3
-2.5752E-1	3.0835E-1	-2.5752E-1	-1.3100E+3
-2.5740E-1	3.1006E-1	-2.5740E-1	-1.0940E+3
-2.5728E-1	3.0884E-1	-2.5728E-1	-7.3100E+2
-2.5728E-1	3.1250E-1	-2.5728E-1	-1.3060E+3
-2.5716E-1	3.1152E-1	-2.5716E-1	-9.3000E+2
-2.5703E-1	3.1079E-1	-2.5703E-1	-1.0590E+3
-2.5691E-1	3.1323E-1	-2.5691E-1	-6.9100E+2
-2.5679E-1	3.1372E-1	-2.5679E-1	-7.4400E+2
-2.5667E-1	3.1274E-1	-2.5667E-1	-6.0600E+2
-2.5655E-1	3.1519E-1	-2.5655E-1	-4.8300E+2
-2.5655E-1	3.1641E-1	-2.5655E-1	-9.1700E+2
-2.5642E-1	3.1494E-1	-2.5642E-1	-1.3230E+3
-2.5630E-1	3.1738E-1	-2.5630E-1	-1.1080E+3
-2.5618E-1	3.1567E-1	-2.5618E-1	-1.0950E+3
-2.5606E-1	3.1494E-1	-2.5606E-1	-1.0430E+3
-2.5594E-1	3.1836E-1	-2.5594E-1	-1.0590E+3
-2.5581E-1	3.1738E-1	-2.5581E-1	-1.0700E+3
-2.5569E-1	3.2031E-1	-2.5569E-1	-6.4800E+2
-2.5569E-1	3.2080E-1	-2.5569E-1	-9.0600E+2
-2.5557E-1	3.2080E-1	-2.5557E-1	-1.2650E+3
-2.5545E-1	3.2153E-1	-2.5545E-1	-1.7130E+3
-2.5533E-1	3.2300E-1	-2.5533E-1	-1.0720E+3
-2.5520E-1	3.2129E-1	-2.5520E-1	-1.2340E+3
-2.5508E-1	3.2324E-1	-2.5508E-1	-1.0240E+3
-2.5496E-1	3.2520E-1	-2.5496E-1	-1.0020E+3
-2.5496E-1	3.2471E-1	-2.5496E-1	-1.0970E+3
-2.5484E-1	3.2666E-1	-2.5484E-1	-1.1980E+3
-2.5472E-1	3.2715E-1	-2.5472E-1	-6.2200E+2
-2.5459E-1	3.2422E-1	-2.5459E-1	-1.2880E+3
-2.5447E-1	3.2739E-1	-2.5447E-1	-9.9700E+2
-2.5435E-1	3.2739E-1	-2.5435E-1	-9.1200E+2
-2.5423E-1	3.2910E-1	-2.5423E-1	-1.6120E+3
-2.5410E-1	3.2910E-1	-2.5410E-1	-8.9200E+2
-2.5410E-1	3.3154E-1	-2.5410E-1	-6.0900E+2
-2.5398E-1	3.3057E-1	-2.5398E-1	-1.2920E+3
-2.5386E-1	3.3203E-1	-2.5386E-1	-6.6000E+2
-2.5374E-1	3.3374E-1	-2.5374E-1	-1.2410E+3
-2.5362E-1	3.3374E-1	-2.5362E-1	-1.1190E+3
-2.5349E-1	3.3398E-1	-2.5349E-1	-9.4300E+2
-2.5337E-1	3.3447E-1	-2.5337E-1	-8.6100E+2
-2.5337E-1	3.3545E-1	-2.5337E-1	-1.0370E+3
-2.5325E-1	3.3691E-1	-2.5325E-1	-1.0500E+3
-2.5313E-1	3.3643E-1	-2.5313E-1	-1.0040E+3
-2.5301E-1	3.3789E-1	-2.5301E-1	-1.0390E+3
-2.5288E-1	3.3887E-1	-2.5288E-1	-1.0390E+3
-2.5276E-1	3.3936E-1	-2.5276E-1	-6.3800E+2
-2.5264E-1	3.3765E-1	-2.5264E-1	-1.6850E+3
-2.5264E-1	3.3911E-1	-2.5264E-1	-1.5120E+3
-2.5252E-1	3.4033E-1	-2.5252E-1	-1.1300E+3
-2.5240E-1	3.3960E-1	-2.5240E-1	-9.3500E+2
-2.5227E-1	3.4155E-1	-2.5227E-1	-9.5200E+2
-2.5215E-1	3.4326E-1	-2.5215E-1	-9.1200E+2
-2.5203E-1	3.4229E-1	-2.5203E-1	-9.6000E+2
-2.5191E-1	3.4473E-1	-2.5191E-1	-8.6400E+2
-2.5179E-1	3.4448E-1	-2.5179E-1	-9.5200E+2
-2.5179E-1	3.4668E-1	-2.5179E-1	-1.2960E+3
-2.5166E-1	3.4692E-1	-2.5166E-1	-1.0260E+3
-2.5154E-1	3.4668E-1	-2.5154E-1	-3.1400E+2
-2.5142E-1	3.4790E-1	-2.5142E-1	-7.9500E+2
-2.5130E-1	3.5132E-1	-2.5130E-1	-9.5900E+2
-2.5117E-1	3.5132E-1	-2.5117E-1	-9.7200E+2
-2.5105E-1	3.5132E-1	-2.5105E-1	-1.1280E+3
-2.5093E-1	3.5205E-1	-2.5093E-1	-1.2920E+3
-2.5093E-1	3.5278E-1	-2.5093E-1	-1.9060E+3
-2.5081E-1	3.5278E-1	-2.5081E-1	-1.2850E+3
-2.5069E-1	3.5229E-1	-2.5069E-1	-1.3920E+3
-2.5056E-1	3.5400E-1	-2.5056E-1	-1.0210E+3
-2.5044E-1	3.5474E-1	-2.5044E-1	-1.2540E+3
-2.5032E-1	3.5571E-1	-2.5032E-1	-1.2480E+3
-2.5020E-1	3.5522E-1	-2.5020E-1	-7.1500E+2
-2.5008E-1	3.5718E-1	-2.5008E-1	-1.5760E+3
-2.5008E-1	3.5767E-1	-2.5008E-1	-1.2780E+3
-2.4995E-1	3.5889E-1	-2.4995E-1	-1.8160E+3
-2.4983E-1	3.6084E-1	-2.4983E-1	-8.6800E+2
-2.4971E-1	3.5938E-1	-2.4971E-1	-9.7700E+2
-2.4959E-1	3.6060E-1	-2.4959E-1	-1.1420E+3
-2.4947E-1	3.6353E-1	-2.4947E-1	-1.4830E+3
-2.4934E-1	3.6426E-1	-2.4934E-1	-1.1760E+3
-2.4934E-1	3.6255E-1	-2.4934E-1	-1.2690E+3
-2.4922E-1	3.6597E-1	-2.4922E-1	-1.0860E+3
-2.4910E-1	3.6450E-1	-2.4910E-1	-9.4400E+2
-2.4898E-1	3.6694E-1	-2.4898E-1	-1.4290E+3
-2.4886E-1	3.6694E-1	-2.4886E-1	-1.4270E+3
-2.4873E-1	3.6768E-1	-2.4873E-1	-8.4400E+2
-2.4861E-1	3.6792E-1	-2.4861E-1	-1.2540E+3
-2.4849E-1	3.6865E-1	-2.4849E-1	-1.0610E+3
-2.4849E-1	3.7012E-1	-2.4849E-1	-1.0750E+3
-2.4837E-1	3.7036E-1	-2.4837E-1	-1.5380E+3
-2.4825E-1	3.7061E-1	-2.4825E-1	-8.4800E+2
-2.4812E-1	3.7085E-1	-2.4812E-1	-1.3900E+3
-2.4800E-1	3.7061E-1	-2.4800E-1	-1.4590E+3
-2.4788E-1	3.7524E-1	-2.4788E-1	-1.0480E+3
-2.4776E-1	3.7671E-1	-2.4776E-1	-1.5840E+3
-2.4776E-1	3.7695E-1	-2.4776E-1	-1.5630E+3
-2.4763E-1	3.7866E-1	-2.4763E-1	-2.8000E+2
-2.4751E-1	3.7646E-1	-2.4751E-1	-1.5560E+3
-2.4739E-1	3.7915E-1	-2.4739E-1	-2.3610E+3
-2.4727E-1	3.7842E-1	-2.4727E-1	-1.0850E+3
-2.4715E-1	3.7891E-1	-2.4715E-1	-1.0340E+3
-2.4702E-1	3.7866E-1	-2.4702E-1	-1.6940E+3
-2.4690E-1	3.8159E-1	-2.4690E-1	-1.4850E+3
-2.4690E-1	3.8208E-1	-2.4690E-1	-7.2600E+2
-2.4678E-1	3.8135E-1	-2.4678E-1	-9.0300E+2
-2.4666E-1	3.8354E-1	-2.4666E-1	-1.3100E+3
-2.4654E-1	3.8477E-1	-2.4654E-1	-8.8100E+2
-2.4641E-1	3.8501E-1	-2.4641E-1	-1.7910E+3
-2.4629E-1	3.8721E-1	-2.4629E-1	-1.3050E+3
-2.4617E-1	3.8818E-1	-2.4617E-1	-8.6200E+2
-2.4617E-1	3.8745E-1	-2.4617E-1	-7.3100E+2
-2.4605E-1	3.9063E-1	-2.4605E-1	-1.2920E+3
-2.4593E-1	3.9038E-1	-2.4593E-1	-1.2410E+3
-2.4580E-1	3.9233E-1	-2.4580E-1	-1.2100E+3
-2.4568E-1	3.9453E-1	-2.4568E-1	-1.1210E+3
-2.4556E-1	3.9429E-1	-2.4556E-1	-1.3390E+3
-2.4544E-1	3.9453E-1	-2.4544E-1	-1.8550E+3
-2.4532E-1	3.9600E-1	-2.4532E-1	-1.3230E+3
-2.4532E-1	3.9648E-1	-2.4532E-1	-1.4030E+3
-2.4519E-1	3.9722E-1	-2.4519E-1	-1.3080E+3
-2.4507E-1	3.9697E-1	-2.4507E-1	-9.7800E+2
-2.4495E-1	3.9771E-1	-2.4495E-1	-1.3830E+3
-2.4483E-1	3.9771E-1	-2.4483E-1	-9.4300E+2
-2.4470E-1	3.9795E-1	-2.4470E-1	-1.4050E+3
-2.4458E-1	4.0039E-1	-2.4458E-1	-1.8200E+3
-2.4446E-1	4.0161E-1	-2.4446E-1	-1.4940E+3
-2.4446E-1	4.0259E-1	-2.4446E-1	-1.4310E+3
-2.4434E-1	4.0259E-1	-2.4434E-1	-1.7170E+3
-2.4422E-1	4.0503E-1	-2.4422E-1	-1.0280E+3
-2.4409E-1	4.0479E-1	-2.4409E-1	-9.9900E+2
-2.4397E-1	4.0698E-1	-2.4397E-1	-1.3320E+3
-2.4385E-1	4.0820E-1	-2.4385E-1	-1.2340E+3
-2.4373E-1	4.0698E-1	-2.4373E-1	-1.4430E+3
-2.4361E-1	4.0845E-1	-2.4361E-1	-1.5050E+3
-2.4361E-1	4.1113E-1	-2.4361E-1	-1.4340E+3
-2.4348E-1	4.0991E-1	-2.4348E-1	-9.5300E+2
-2.4336E-1	4.1211E-1	-2.4336E-1	-1.5740E+3
-2.4324E-1	4.1162E-1	-2.4324E-1	-1.5230E+3
-2.4312E-1	4.1382E-1	-2.4312E-1	-1.1810E+3
-2.4300E-1	4.1455E-1	-2.4300E-1	-7.4200E+2
-2.4287E-1	4.1382E-1	-2.4287E-1	-1.3960E+3
-2.4287E-1	4.1455E-1	-2.4287E-1	-1.4720E+3
-2.4275E-1	4.1602E-1	-2.4275E-1	-1.6230E+3
-2.4263E-1	4.1797E-1	-2.4263E-1	-1.3500E+3
-2.4251E-1	4.1748E-1	-2.4251E-1	-3.5800E+2
-2.4239E-1	4.1821E-1	-2.4239E-1	-1.1660E+3
-2.4226E-1	4.1919E-1	-2.4226E-1	-2.1280E+3
-2.4214E-1	4.1919E-1	-2.4214E-1	-1.2120E+3
-2.4202E-1	4.2041E-1	-2.4202E-1	-1.3030E+3
-2.4202E-1	4.2310E-1	-2.4202E-1	-1.2520E+3
-2.4190E-1	4.2285E-1	-2.4190E-1	-1.2960E+3
-2.4178E-1	4.2334E-1	-2.4178E-1	-8.0100E+2
-2.4165E-1	4.2480E-1	-2.4165E-1	-1.2520E+3
-2.4153E-1	4.2627E-1	-2.4153E-1	-1.4120E+3
-2.4141E-1	4.2603E-1	-2.4141E-1	-1.1720E+3
-2.4129E-1	4.2725E-1	-2.4129E-1	-1.0660E+3
-2.4129E-1	4.2847E-1	-2.4129E-1	-8.7900E+2
-2.4116E-1	4.2749E-1	-2.4116E-1	-1.1790E+3
-2.4104E-1	4.2920E-1	-2.4104E-1	-1.3500E+3
-2.4092E-1	4.3115E-1	-2.4092E-1	-1.3450E+3
-2.4080E-1	4.3018E-1	-2.4080E-1	-1.6910E+3
-2.4068E-1	4.3286E-1	-2.4068E-1	-1.3140E+3
-2.4055E-1	4.3188E-1	-2.4055E-1	-1.4490E+3
-2.4055E-1	4.3457E-1	-2.4055E-1	-1.4450E+3
-2.4043E-1	4.3604E-1	-2.4043E-1	-1.5780E+3
-2.4031E-1	4.3481E-1	-2.4031E-1	-2.1230E+3
-2.4019E-1	4.3579E-1	-2.4019E-1	-1.4030E+3
-2.4007E-1	4.3677E-1	-2.4007E-1	-8.7000E+2
-2.3994E-1	4.3921E-1	-2.3994E-1	-1.4140E+3
-2.3982E-1	4.4067E-1	-2.3982E-1	-1.6520E+3
-2.3970E-1	4.3994E-1	-2.3970E-1	-1.6430E+3
-2.3970E-1	4.4116E-1	-2.3970E-1	-1.5650E+3
-2.3958E-1	4.4214E-1	-2.3958E-1	-1.2490E+3
-2.3946E-1	4.4507E-1	-2.3946E-1	-1.3990E+3
-2.3933E-1	4.4458E-1	-2.3933E-1	-1.7420E+3
-2.3921E-1	4.4556E-1	-2.3921E-1	-1.5050E+3
-2.3909E-1	4.4800E-1	-2.3909E-1	-1.1960E+3
-2.3897E-1	4.4727E-1	-2.3897E-1	-1.8510E+3
-2.3897E-1	4.4604E-1	-2.3897E-1	-1.2100E+3
-2.3885E-1	4.4775E-1	-2.3885E-1	-9.8600E+2
-2.3872E-1	4.4775E-1	-2.3872E-1	-1.6730E+3
-2.3860E-1	4.5020E-1	-2.3860E-1	-1.8380E+3
-2.3848E-1	4.5020E-1	-2.3848E-1	-1.5470E+3
-2.3836E-1	4.5020E-1	-2.3836E-1	-1.5870E+3
-2.3823E-1	4.5459E-1	-2.3823E-1	-1.0940E+3
-2.3811E-1	4.5459E-1	-2.3811E-1	-1.6910E+3
-2.3811E-1	4.5605E-1	-2.3811E-1	-1.6360E+3
