Aux out [V]	Aux in [V]	Aux out [V]	PDH out [a.u.]
4.4198E-1	8.0322E-1	4.4198E-1	2.4700E+2
4.4210E-1	8.0151E-1	4.4210E-1	-3.7200E+2
4.4235E-1	8.0273E-1	4.4235E-1	-4.1200E+2
4.4247E-1	8.0273E-1	4.4247E-1	-2.5200E+2
4.4259E-1	8.0347E-1	4.4259E-1	4.5000E+1
4.4272E-1	8.0078E-1	4.4272E-1	1.8700E+2
4.4284E-1	8.0249E-1	4.4284E-1	1.9200E+2
4.4308E-1	8.0273E-1	4.4308E-1	-4.0300E+2
4.4320E-1	8.0078E-1	4.4320E-1	6.1100E+2
4.4333E-1	8.0103E-1	4.4333E-1	-3.4300E+2
4.4345E-1	8.0249E-1	4.4345E-1	5.7800E+2
4.4357E-1	8.0005E-1	4.4357E-1	-1.1500E+2
4.4381E-1	7.9932E-1	4.4381E-1	-2.9600E+2
4.4394E-1	7.9980E-1	4.4394E-1	3.1800E+2
4.4406E-1	7.9858E-1	4.4406E-1	4.2100E+2
4.4418E-1	8.0078E-1	4.4418E-1	-1.3500E+2
4.4430E-1	7.9761E-1	4.4430E-1	3.0800E+2
4.4442E-1	7.9932E-1	4.4442E-1	-9.0000E+1
4.4467E-1	8.0005E-1	4.4467E-1	-2.4600E+2
4.4479E-1	7.9736E-1	4.4479E-1	-1.4400E+2
4.4491E-1	7.9736E-1	4.4491E-1	5.6800E+2
4.4503E-1	7.9980E-1	4.4503E-1	3.0400E+2
4.4516E-1	7.9883E-1	4.4516E-1	4.6700E+2
4.4540E-1	7.9785E-1	4.4540E-1	-1.2100E+2
4.4552E-1	7.9907E-1	4.4552E-1	-2.3600E+2
4.4564E-1	7.9712E-1	4.4564E-1	5.4000E+1
4.4577E-1	7.9810E-1	4.4577E-1	4.7700E+2
4.4589E-1	7.9834E-1	4.4589E-1	-4.5800E+2
4.4613E-1	7.9736E-1	4.4613E-1	3.7100E+2
4.4626E-1	7.9614E-1	4.4626E-1	-5.5000E+1
4.4638E-1	7.9858E-1	4.4638E-1	-4.9400E+2
4.4650E-1	7.9736E-1	4.4650E-1	3.0400E+2
4.4662E-1	7.9614E-1	4.4662E-1	-3.1600E+2
4.4687E-1	7.9614E-1	4.4687E-1	-3.3200E+2
4.4699E-1	7.9639E-1	4.4699E-1	-6.0100E+2
4.4711E-1	7.9419E-1	4.4711E-1	2.3200E+2
4.4723E-1	7.9688E-1	4.4723E-1	2.7000E+1
4.4735E-1	7.9492E-1	4.4735E-1	-5.9400E+2
4.4760E-1	7.9419E-1	4.4760E-1	1.9200E+2
4.4772E-1	7.9517E-1	4.4772E-1	3.0000E+2
4.4784E-1	7.9199E-1	4.4784E-1	2.1300E+2
4.4796E-1	7.9395E-1	4.4796E-1	1.4500E+2
4.4809E-1	7.9370E-1	4.4809E-1	-1.8800E+2
4.4833E-1	7.9321E-1	4.4833E-1	2.8200E+2
4.4845E-1	7.9248E-1	4.4845E-1	-3.4700E+2
4.4857E-1	7.9272E-1	4.4857E-1	6.9000E+1
4.4870E-1	7.9150E-1	4.4870E-1	2.3700E+2
4.4882E-1	7.9199E-1	4.4882E-1	5.6500E+2
4.4906E-1	7.9248E-1	4.4906E-1	5.7700E+2
4.4919E-1	7.9175E-1	4.4919E-1	3.8000E+2
4.4931E-1	7.9199E-1	4.4931E-1	-2.1700E+2
4.4943E-1	7.9126E-1	4.4943E-1	1.0300E+2
4.4955E-1	7.9175E-1	4.4955E-1	-4.9200E+2
4.4980E-1	7.9028E-1	4.4980E-1	-2.1900E+2
4.4992E-1	7.9004E-1	4.4992E-1	6.1000E+1
4.5004E-1	7.8955E-1	4.5004E-1	-3.5000E+2
4.5016E-1	7.8979E-1	4.5016E-1	-8.3000E+1
4.5028E-1	7.8979E-1	4.5028E-1	1.9000E+1
4.5053E-1	7.8857E-1	4.5053E-1	7.3300E+2
4.5065E-1	7.9004E-1	4.5065E-1	-5.9600E+2
4.5077E-1	7.9004E-1	4.5077E-1	1.3000E+2
4.5089E-1	7.8931E-1	4.5089E-1	3.4400E+2
4.5102E-1	7.8833E-1	4.5102E-1	5.1100E+2
4.5126E-1	7.8809E-1	4.5126E-1	2.9000E+1
4.5138E-1	7.8711E-1	4.5138E-1	1.2000E+1
4.5150E-1	7.8784E-1	4.5150E-1	-2.2600E+2
4.5163E-1	7.8638E-1	4.5163E-1	1.4100E+2
4.5175E-1	7.8540E-1	4.5175E-1	-9.5000E+1
4.5199E-1	7.8638E-1	4.5199E-1	1.1800E+2
4.5211E-1	7.8687E-1	4.5211E-1	-3.4900E+2
4.5224E-1	7.8442E-1	4.5224E-1	-2.2300E+2
4.5236E-1	7.8613E-1	4.5236E-1	9.6000E+1
4.5248E-1	7.8638E-1	4.5248E-1	3.5400E+2
4.5273E-1	7.8589E-1	4.5273E-1	-4.3900E+2
4.5285E-1	7.8589E-1	4.5285E-1	-2.7900E+2
4.5297E-1	7.8491E-1	4.5297E-1	-2.5200E+2
4.5309E-1	7.8516E-1	4.5309E-1	7.2700E+2
4.5321E-1	7.8491E-1	4.5321E-1	-2.6300E+2
4.5346E-1	7.8516E-1	4.5346E-1	1.9100E+2
4.5358E-1	7.8320E-1	4.5358E-1	2.0000E+0
4.5370E-1	7.8271E-1	4.5370E-1	-1.3000E+2
4.5382E-1	7.8369E-1	4.5382E-1	-2.0400E+2
4.5395E-1	7.8296E-1	4.5395E-1	9.4000E+1
4.5419E-1	7.8296E-1	4.5419E-1	3.0800E+2
4.5431E-1	7.8149E-1	4.5431E-1	-3.9200E+2
4.5443E-1	7.8076E-1	4.5443E-1	6.8400E+2
4.5456E-1	7.8223E-1	4.5456E-1	2.5900E+2
4.5468E-1	7.8223E-1	4.5468E-1	-1.9500E+2
4.5492E-1	7.8076E-1	4.5492E-1	9.6000E+1
4.5504E-1	7.8076E-1	4.5504E-1	2.6900E+2
4.5517E-1	7.7954E-1	4.5517E-1	3.5800E+2
4.5529E-1	7.8198E-1	4.5529E-1	-2.2000E+2
4.5541E-1	7.8149E-1	4.5541E-1	4.4000E+2
4.5566E-1	7.7905E-1	4.5566E-1	1.4700E+2
4.5578E-1	7.7954E-1	4.5578E-1	-3.0100E+2
4.5590E-1	7.8027E-1	4.5590E-1	1.0100E+2
4.5602E-1	7.7808E-1	4.5602E-1	-3.9800E+2
4.5614E-1	7.7856E-1	4.5614E-1	3.8500E+2
4.5639E-1	7.7905E-1	4.5639E-1	1.7600E+2
4.5651E-1	7.7881E-1	4.5651E-1	2.3800E+2
4.5663E-1	7.8003E-1	4.5663E-1	1.1400E+2
4.5675E-1	7.7930E-1	4.5675E-1	5.2900E+2
4.5688E-1	7.7930E-1	4.5688E-1	1.7600E+2
4.5712E-1	7.7637E-1	4.5712E-1	-3.6500E+2
4.5724E-1	7.7832E-1	4.5724E-1	-8.0000E+0
4.5736E-1	7.7637E-1	4.5736E-1	6.9000E+1
4.5749E-1	7.7490E-1	4.5749E-1	1.8000E+1
4.5761E-1	7.7637E-1	4.5761E-1	-1.1400E+2
4.5773E-1	7.7612E-1	4.5773E-1	4.3300E+2
4.5797E-1	7.7515E-1	4.5797E-1	-2.5700E+2
4.5810E-1	7.7319E-1	4.5810E-1	5.4000E+2
4.5822E-1	7.7393E-1	4.5822E-1	2.2700E+2
4.5834E-1	7.7686E-1	4.5834E-1	1.0800E+2
4.5846E-1	7.7441E-1	4.5846E-1	-2.6100E+2
4.5871E-1	7.7441E-1	4.5871E-1	-2.8300E+2
4.5883E-1	7.7197E-1	4.5883E-1	-1.7700E+2
4.5895E-1	7.7393E-1	4.5895E-1	-3.3400E+2
4.5907E-1	7.7393E-1	4.5907E-1	-1.3500E+2
4.5920E-1	7.7271E-1	4.5920E-1	3.6700E+2
4.5944E-1	7.7368E-1	4.5944E-1	3.5800E+2
4.5956E-1	7.7075E-1	4.5956E-1	3.0900E+2
4.5968E-1	7.7148E-1	4.5968E-1	2.1000E+2
4.5981E-1	7.7075E-1	4.5981E-1	-4.3800E+2
4.5993E-1	7.7002E-1	4.5993E-1	2.9200E+2
4.6017E-1	7.6880E-1	4.6017E-1	3.5300E+2
4.6029E-1	7.7124E-1	4.6029E-1	3.1100E+2
4.6042E-1	7.6978E-1	4.6042E-1	-2.9700E+2
4.6054E-1	7.7002E-1	4.6054E-1	3.8800E+2
4.6066E-1	7.6978E-1	4.6066E-1	6.5100E+2
4.6090E-1	7.6880E-1	4.6090E-1	2.3800E+2
4.6103E-1	7.6904E-1	4.6103E-1	-6.2200E+2
4.6115E-1	7.7026E-1	4.6115E-1	3.9100E+2
4.6127E-1	7.6807E-1	4.6127E-1	-6.8300E+2
4.6139E-1	7.6978E-1	4.6139E-1	1.6000E+2
4.6151E-1	7.6733E-1	4.6151E-1	1.4300E+2
4.6176E-1	7.6758E-1	4.6176E-1	-8.3000E+1
4.6188E-1	7.6709E-1	4.6188E-1	-1.3300E+2
4.6200E-1	7.6855E-1	4.6200E-1	-2.4300E+2
4.6213E-1	7.6685E-1	4.6213E-1	1.9900E+2
4.6225E-1	7.6758E-1	4.6225E-1	-2.9000E+2
4.6249E-1	7.6733E-1	4.6249E-1	1.5200E+2
4.6261E-1	7.6611E-1	4.6261E-1	6.1000E+1
4.6274E-1	7.6733E-1	4.6274E-1	3.7600E+2
4.6286E-1	7.6514E-1	4.6286E-1	-9.8900E+2
4.6298E-1	7.6563E-1	4.6298E-1	-1.1550E+3
4.6322E-1	7.6538E-1	4.6322E-1	1.4400E+2
4.6335E-1	7.6440E-1	4.6335E-1	-2.3400E+2
4.6347E-1	7.6367E-1	4.6347E-1	-1.0100E+2
4.6359E-1	7.6489E-1	4.6359E-1	-1.7700E+2
4.6371E-1	7.6270E-1	4.6371E-1	1.2000E+2
4.6396E-1	7.6270E-1	4.6396E-1	1.8700E+2
4.6408E-1	7.6587E-1	4.6408E-1	-3.3000E+2
4.6420E-1	7.6392E-1	4.6420E-1	1.3400E+2
4.6432E-1	7.6343E-1	4.6432E-1	4.0500E+2
4.6444E-1	7.6343E-1	4.6444E-1	-6.4300E+2
4.6469E-1	7.6172E-1	4.6469E-1	3.2000E+1
4.6481E-1	7.6196E-1	4.6481E-1	3.1600E+2
4.6493E-1	7.6270E-1	4.6493E-1	-1.2600E+2
4.6506E-1	7.6074E-1	4.6506E-1	-2.8800E+2
4.6518E-1	7.5977E-1	4.6518E-1	-3.3000E+1
4.6542E-1	7.6001E-1	4.6542E-1	1.6000E+1
4.6554E-1	7.5977E-1	4.6554E-1	-1.8800E+2
4.6567E-1	7.5928E-1	4.6567E-1	-5.5600E+2
4.6579E-1	7.5928E-1	4.6579E-1	2.7600E+2
4.6591E-1	7.5928E-1	4.6591E-1	4.3800E+2
4.6615E-1	7.6025E-1	4.6615E-1	4.4900E+2
4.6628E-1	7.6001E-1	4.6628E-1	9.8800E+2
4.6640E-1	7.5903E-1	4.6640E-1	2.9200E+2
4.6652E-1	7.5903E-1	4.6652E-1	5.9000E+1
4.6664E-1	7.5879E-1	4.6664E-1	-3.6100E+2
4.6689E-1	7.5757E-1	4.6689E-1	1.6200E+2
4.6701E-1	7.5830E-1	4.6701E-1	-1.9700E+2
4.6713E-1	7.5659E-1	4.6713E-1	4.1000E+1
4.6725E-1	7.5635E-1	4.6725E-1	6.8000E+1
4.6737E-1	7.5854E-1	4.6737E-1	-2.2500E+2
4.6762E-1	7.5732E-1	4.6762E-1	-3.7000E+1
4.6774E-1	7.5513E-1	4.6774E-1	-2.2300E+2
4.6786E-1	7.5708E-1	4.6786E-1	-1.0600E+2
4.6799E-1	7.5610E-1	4.6799E-1	-7.7600E+2
4.6811E-1	7.5586E-1	4.6811E-1	3.0500E+2
4.6835E-1	7.5635E-1	4.6835E-1	4.6000E+2
4.6847E-1	7.5464E-1	4.6847E-1	1.1000E+2
4.6860E-1	7.5488E-1	4.6860E-1	-1.7400E+2
4.6872E-1	7.5684E-1	4.6872E-1	3.1900E+2
4.6884E-1	7.5439E-1	4.6884E-1	-6.2700E+2
4.6908E-1	7.5317E-1	4.6908E-1	-3.2700E+2
4.6921E-1	7.5244E-1	4.6921E-1	-4.6100E+2
4.6933E-1	7.5317E-1	4.6933E-1	-2.8100E+2
4.6945E-1	7.5122E-1	4.6945E-1	-1.7400E+2
4.6957E-1	7.5293E-1	4.6957E-1	1.7800E+2
4.6982E-1	7.5244E-1	4.6982E-1	-2.1200E+2
4.6994E-1	7.5098E-1	4.6994E-1	7.6000E+1
4.7006E-1	7.5073E-1	4.7006E-1	3.9400E+2
4.7018E-1	7.5220E-1	4.7018E-1	2.9600E+2
4.7030E-1	7.5073E-1	4.7030E-1	-5.2000E+1
4.7055E-1	7.4976E-1	4.7055E-1	-3.2100E+2
4.7067E-1	7.5000E-1	4.7067E-1	3.2500E+2
4.7079E-1	7.5000E-1	4.7079E-1	9.4000E+1
4.7091E-1	7.5024E-1	4.7091E-1	8.5000E+1
4.7104E-1	7.4902E-1	4.7104E-1	5.7100E+2
4.7128E-1	7.4805E-1	4.7128E-1	1.3600E+2
4.7140E-1	7.5024E-1	4.7140E-1	3.3300E+2
4.7153E-1	7.4780E-1	4.7153E-1	-4.0000E+1
4.7165E-1	7.4902E-1	4.7165E-1	4.6700E+2
4.7177E-1	7.4780E-1	4.7177E-1	4.0400E+2
4.7201E-1	7.4756E-1	4.7201E-1	4.3400E+2
4.7214E-1	7.4683E-1	4.7214E-1	-1.7800E+2
4.7226E-1	7.4927E-1	4.7226E-1	-1.1200E+2
4.7238E-1	7.4756E-1	4.7238E-1	1.6000E+1
4.7250E-1	7.4780E-1	4.7250E-1	-3.0200E+2
4.7275E-1	7.4756E-1	4.7275E-1	1.2500E+2
4.7287E-1	7.4658E-1	4.7287E-1	1.7100E+2
4.7299E-1	7.4585E-1	4.7299E-1	-7.0000E+1
4.7311E-1	7.4609E-1	4.7311E-1	-3.6100E+2
4.7323E-1	7.4707E-1	4.7323E-1	2.8000E+1
4.7348E-1	7.4463E-1	4.7348E-1	1.0900E+2
4.7360E-1	7.4512E-1	4.7360E-1	-2.0100E+2
4.7372E-1	7.4341E-1	4.7372E-1	-1.5700E+2
4.7384E-1	7.4438E-1	4.7384E-1	3.6000E+1
4.7397E-1	7.4438E-1	4.7397E-1	2.1200E+2
4.7409E-1	7.4463E-1	4.7409E-1	2.2000E+2
4.7433E-1	7.4390E-1	4.7433E-1	1.0800E+2
4.7446E-1	7.4463E-1	4.7446E-1	1.6900E+2
4.7458E-1	7.4170E-1	4.7458E-1	-2.5000E+2
4.7470E-1	7.4390E-1	4.7470E-1	1.7600E+2
4.7482E-1	7.4390E-1	4.7482E-1	3.1800E+2
4.7507E-1	7.4268E-1	4.7507E-1	1.4800E+2
4.7519E-1	7.4219E-1	4.7519E-1	-5.9600E+2
4.7531E-1	7.4243E-1	4.7531E-1	7.4400E+2
4.7543E-1	7.4121E-1	4.7543E-1	3.3600E+2
4.7555E-1	7.4316E-1	4.7555E-1	7.2000E+1
4.7580E-1	7.4243E-1	4.7580E-1	5.6000E+1
4.7592E-1	7.4023E-1	4.7592E-1	3.3800E+2
4.7604E-1	7.4170E-1	4.7604E-1	3.6200E+2
4.7616E-1	7.4097E-1	4.7616E-1	3.1200E+2
4.7629E-1	7.4121E-1	4.7629E-1	4.4500E+2
4.7653E-1	7.4048E-1	4.7653E-1	-1.2800E+2
4.7665E-1	7.3999E-1	4.7665E-1	-5.3000E+1
4.7677E-1	7.3779E-1	4.7677E-1	-2.8000E+1
4.7690E-1	7.3999E-1	4.7690E-1	2.0000E+2
4.7702E-1	7.4023E-1	4.7702E-1	-6.5800E+2
4.7726E-1	7.3877E-1	4.7726E-1	6.7600E+2
4.7739E-1	7.3779E-1	4.7739E-1	4.1000E+1
4.7751E-1	7.3877E-1	4.7751E-1	-8.8000E+1
4.7763E-1	7.3755E-1	4.7763E-1	-5.5000E+1
4.7775E-1	7.3853E-1	4.7775E-1	-6.6000E+1
4.7800E-1	7.3730E-1	4.7800E-1	-1.6300E+2
4.7812E-1	7.3804E-1	4.7812E-1	1.8800E+2
4.7824E-1	7.3779E-1	4.7824E-1	2.3600E+2
4.7836E-1	7.3755E-1	4.7836E-1	-2.8400E+2
4.7848E-1	7.3608E-1	4.7848E-1	3.6300E+2
4.7873E-1	7.3682E-1	4.7873E-1	-1.9600E+2
4.7885E-1	7.3730E-1	4.7885E-1	3.8500E+2
4.7897E-1	7.3413E-1	4.7897E-1	-6.8000E+1
4.7909E-1	7.3511E-1	4.7909E-1	-7.7800E+2
4.7922E-1	7.3608E-1	4.7922E-1	3.3000E+1
4.7946E-1	7.3462E-1	4.7946E-1	-2.3200E+2
4.7958E-1	7.3511E-1	4.7958E-1	-9.9000E+1
4.7970E-1	7.3535E-1	4.7970E-1	-5.9000E+1
4.7983E-1	7.3535E-1	4.7983E-1	5.4500E+2
4.7995E-1	7.3560E-1	4.7995E-1	1.9400E+2
4.8019E-1	7.3389E-1	4.8019E-1	-6.5100E+2
4.8031E-1	7.3413E-1	4.8031E-1	-2.9700E+2
4.8044E-1	7.3438E-1	4.8044E-1	-8.3100E+2
4.8056E-1	7.3340E-1	4.8056E-1	-2.8000E+1
4.8068E-1	7.3511E-1	4.8068E-1	1.7000E+2
4.8093E-1	7.3267E-1	4.8093E-1	-7.6300E+2
4.8105E-1	7.3438E-1	4.8105E-1	1.8000E+1
4.8117E-1	7.3218E-1	4.8117E-1	-4.0300E+2
4.8129E-1	7.3218E-1	4.8129E-1	5.0000E+0
4.8141E-1	7.3340E-1	4.8141E-1	3.4000E+1
4.8166E-1	7.3145E-1	4.8166E-1	1.6000E+2
4.8178E-1	7.3169E-1	4.8178E-1	8.8000E+1
4.8190E-1	7.3022E-1	4.8190E-1	1.0300E+2
4.8202E-1	7.2974E-1	4.8202E-1	7.8000E+1
4.8215E-1	7.3242E-1	4.8215E-1	3.9200E+2
4.8239E-1	7.3071E-1	4.8239E-1	1.8800E+2
4.8251E-1	7.3291E-1	4.8251E-1	-5.1100E+2
4.8263E-1	7.3145E-1	4.8263E-1	3.8500E+2
4.8276E-1	7.3071E-1	4.8276E-1	3.8200E+2
4.8288E-1	7.3047E-1	4.8288E-1	8.1000E+1
4.8312E-1	7.2925E-1	4.8312E-1	-3.8900E+2
4.8324E-1	7.2974E-1	4.8324E-1	2.1000E+1
4.8337E-1	7.2998E-1	4.8337E-1	-3.0900E+2
4.8349E-1	7.2974E-1	4.8349E-1	-7.5000E+2
4.8361E-1	7.2827E-1	4.8361E-1	-3.5000E+2
4.8386E-1	7.3022E-1	4.8386E-1	2.3000E+1
4.8398E-1	7.2900E-1	4.8398E-1	1.4000E+2
4.8410E-1	7.2705E-1	4.8410E-1	2.9600E+2
4.8422E-1	7.2852E-1	4.8422E-1	-2.0400E+2
4.8434E-1	7.2827E-1	4.8434E-1	-4.2300E+2
4.8459E-1	7.2803E-1	4.8459E-1	-1.8400E+2
4.8471E-1	7.2925E-1	4.8471E-1	-5.8400E+2
4.8483E-1	7.2729E-1	4.8483E-1	3.0700E+2
4.8495E-1	7.2656E-1	4.8495E-1	5.0300E+2
4.8508E-1	7.2729E-1	4.8508E-1	-5.9000E+1
4.8532E-1	7.2681E-1	4.8532E-1	6.0500E+2
4.8544E-1	7.2559E-1	4.8544E-1	-8.0900E+2
4.8556E-1	7.2656E-1	4.8556E-1	2.3600E+2
4.8569E-1	7.2607E-1	4.8569E-1	-4.8100E+2
4.8581E-1	7.2583E-1	4.8581E-1	1.1400E+2
4.8593E-1	7.2485E-1	4.8593E-1	5.2300E+2
4.8617E-1	7.2656E-1	4.8617E-1	3.3800E+2
4.8630E-1	7.2632E-1	4.8630E-1	2.4000E+2
4.8642E-1	7.2607E-1	4.8642E-1	-2.1600E+2
4.8654E-1	7.2656E-1	4.8654E-1	-1.5200E+2
4.8666E-1	7.2510E-1	4.8666E-1	-4.1000E+1
4.8691E-1	7.2510E-1	4.8691E-1	-1.6100E+2
4.8703E-1	7.2461E-1	4.8703E-1	-3.3100E+2
4.8715E-1	7.2388E-1	4.8715E-1	1.5200E+2
4.8727E-1	7.2388E-1	4.8727E-1	-1.4600E+2
4.8740E-1	7.2437E-1	4.8740E-1	2.8500E+2
4.8764E-1	7.2241E-1	4.8764E-1	1.3900E+2
4.8776E-1	7.2388E-1	4.8776E-1	-2.5200E+2
4.8788E-1	7.2363E-1	4.8788E-1	3.2000E+1
4.8801E-1	7.2339E-1	4.8801E-1	7.5000E+1
4.8813E-1	7.2437E-1	4.8813E-1	-4.2000E+2
4.8837E-1	7.2290E-1	4.8837E-1	-4.4100E+2
4.8849E-1	7.2021E-1	4.8849E-1	6.3800E+2
4.8862E-1	7.2095E-1	4.8862E-1	-1.3600E+2
4.8874E-1	7.2119E-1	4.8874E-1	2.7800E+2
4.8886E-1	7.2119E-1	4.8886E-1	4.5000E+1
4.8910E-1	7.2070E-1	4.8910E-1	-3.0500E+2
4.8923E-1	7.2095E-1	4.8923E-1	3.5400E+2
4.8935E-1	7.2095E-1	4.8935E-1	-7.8900E+2
4.8947E-1	7.2119E-1	4.8947E-1	1.3900E+2
4.8959E-1	7.2046E-1	4.8959E-1	7.2000E+1
4.8984E-1	7.1899E-1	4.8984E-1	-4.6500E+2
4.8996E-1	7.1924E-1	4.8996E-1	-3.3400E+2
4.9008E-1	7.2021E-1	4.9008E-1	-4.3800E+2
4.9020E-1	7.1826E-1	4.9020E-1	-3.8100E+2
4.9033E-1	7.1997E-1	4.9033E-1	2.2100E+2
4.9057E-1	7.1899E-1	4.9057E-1	-5.4300E+2
4.9069E-1	7.1753E-1	4.9069E-1	3.4900E+2
4.9081E-1	7.1948E-1	4.9081E-1	-2.5600E+2
4.9094E-1	7.1899E-1	4.9094E-1	1.2000E+2
4.9106E-1	7.2046E-1	4.9106E-1	-1.2100E+2
4.9130E-1	7.1948E-1	4.9130E-1	7.0000E+1
4.9142E-1	7.2021E-1	4.9142E-1	-2.9600E+2
4.9155E-1	7.1973E-1	4.9155E-1	2.3000E+1
4.9167E-1	7.2144E-1	4.9167E-1	-7.6000E+1
4.9179E-1	7.2046E-1	4.9179E-1	-3.4700E+2
4.9191E-1	7.2070E-1	4.9191E-1	-6.2100E+2
4.9216E-1	7.2144E-1	4.9216E-1	3.3600E+2
4.9228E-1	7.2119E-1	4.9228E-1	-3.4000E+1
4.9240E-1	7.2095E-1	4.9240E-1	-7.2000E+2
4.9252E-1	7.2192E-1	4.9252E-1	-3.0100E+2
4.9264E-1	7.2095E-1	4.9264E-1	-3.8800E+2
4.9289E-1	7.2290E-1	4.9289E-1	4.3000E+1
4.9301E-1	7.2168E-1	4.9301E-1	4.2300E+2
4.9313E-1	7.2241E-1	4.9313E-1	5.9000E+1
4.9326E-1	7.2095E-1	4.9326E-1	1.3400E+2
4.9338E-1	7.2168E-1	4.9338E-1	-2.2100E+2
4.9362E-1	7.2192E-1	4.9362E-1	-3.5600E+2
4.9374E-1	7.2510E-1	4.9374E-1	-2.1600E+2
4.9387E-1	7.2510E-1	4.9387E-1	-2.6700E+2
4.9399E-1	7.2314E-1	4.9399E-1	-5.5100E+2
4.9411E-1	7.2388E-1	4.9411E-1	-3.8700E+2
4.9435E-1	7.2314E-1	4.9435E-1	-6.6900E+2
4.9448E-1	7.2388E-1	4.9448E-1	-3.5400E+2
4.9460E-1	7.2559E-1	4.9460E-1	-8.7500E+2
4.9472E-1	7.2388E-1	4.9472E-1	-8.6600E+2
4.9484E-1	7.2583E-1	4.9484E-1	-8.5800E+2
4.9509E-1	7.2681E-1	4.9509E-1	-6.0700E+2
4.9521E-1	7.2656E-1	4.9521E-1	-6.3700E+2
4.9533E-1	7.2681E-1	4.9533E-1	-4.3800E+2
4.9545E-1	7.2827E-1	4.9545E-1	-3.9800E+2
4.9557E-1	7.2583E-1	4.9557E-1	-6.8900E+2
4.9582E-1	7.2852E-1	4.9582E-1	-1.3410E+3
4.9594E-1	7.2949E-1	4.9594E-1	-1.2230E+3
4.9606E-1	7.3071E-1	4.9606E-1	-1.2680E+3
4.9619E-1	7.2998E-1	4.9619E-1	-1.3150E+3
4.9631E-1	7.3315E-1	4.9631E-1	-1.1150E+3
4.9655E-1	7.3340E-1	4.9655E-1	-1.3910E+3
4.9667E-1	7.3315E-1	4.9667E-1	-2.9800E+2
4.9680E-1	7.3438E-1	4.9680E-1	-6.1400E+2
4.9692E-1	7.3511E-1	4.9692E-1	-6.5100E+2
4.9704E-1	7.3486E-1	4.9704E-1	9.4000E+1
4.9728E-1	7.3438E-1	4.9728E-1	-2.1400E+2
4.9741E-1	7.3438E-1	4.9741E-1	-4.1000E+2
4.9753E-1	7.3364E-1	4.9753E-1	-2.1000E+2
4.9765E-1	7.3340E-1	4.9765E-1	1.8000E+1
4.9777E-1	7.3242E-1	4.9777E-1	7.6000E+2
4.9802E-1	7.3022E-1	4.9802E-1	3.1600E+2
4.9814E-1	7.3291E-1	4.9814E-1	5.6200E+2
4.9826E-1	7.2949E-1	4.9826E-1	7.8300E+2
4.9838E-1	7.2656E-1	4.9838E-1	-4.1000E+1
4.9850E-1	7.2754E-1	4.9850E-1	3.1100E+2
4.9875E-1	7.2681E-1	4.9875E-1	7.9700E+2
4.9887E-1	7.2461E-1	4.9887E-1	5.0900E+2
4.9899E-1	7.2681E-1	4.9899E-1	5.8500E+2
4.9911E-1	7.2437E-1	4.9911E-1	-1.6200E+2
4.9924E-1	7.2485E-1	4.9924E-1	4.8000E+2
4.9948E-1	7.2388E-1	4.9948E-1	7.0700E+2
4.9960E-1	7.2339E-1	4.9960E-1	-3.6500E+2
4.9973E-1	7.2461E-1	4.9973E-1	-1.4000E+1
4.9985E-1	7.2241E-1	4.9985E-1	1.5200E+2
4.9997E-1	7.2217E-1	4.9997E-1	-3.7000E+2
5.0021E-1	7.2437E-1	5.0021E-1	-1.2600E+2
5.0034E-1	7.2314E-1	5.0034E-1	1.7800E+2
5.0046E-1	7.2266E-1	5.0046E-1	-2.7700E+2
5.0058E-1	7.2217E-1	5.0058E-1	4.2700E+2
5.0070E-1	7.2241E-1	5.0070E-1	3.4000E+1
5.0095E-1	7.2363E-1	5.0095E-1	-1.5300E+2
5.0107E-1	7.2217E-1	5.0107E-1	-2.7200E+2
5.0119E-1	7.2192E-1	5.0119E-1	-1.5400E+2
5.0131E-1	7.2266E-1	5.0131E-1	-2.1200E+2
5.0143E-1	7.2437E-1	5.0143E-1	-7.4000E+1
5.0156E-1	7.2510E-1	5.0156E-1	-5.8100E+2
5.0180E-1	7.2290E-1	5.0180E-1	-2.8500E+2
5.0192E-1	7.2412E-1	5.0192E-1	-2.0500E+2
5.0204E-1	7.2485E-1	5.0204E-1	-1.7800E+2
5.0217E-1	7.2290E-1	5.0217E-1	-2.1700E+2
5.0229E-1	7.2583E-1	5.0229E-1	-5.6100E+2
5.0253E-1	7.2534E-1	5.0253E-1	-2.1400E+2
5.0266E-1	7.2510E-1	5.0266E-1	-8.8800E+2
5.0278E-1	7.2852E-1	5.0278E-1	-6.5300E+2
5.0290E-1	7.2729E-1	5.0290E-1	-1.1390E+3
5.0302E-1	7.2778E-1	5.0302E-1	-3.4500E+2
5.0327E-1	7.2754E-1	5.0327E-1	-9.4900E+2
5.0339E-1	7.2852E-1	5.0339E-1	-6.2900E+2
5.0351E-1	7.2729E-1	5.0351E-1	-2.5600E+2
5.0363E-1	7.3047E-1	5.0363E-1	-7.3500E+2
5.0375E-1	7.2925E-1	5.0375E-1	-6.2200E+2
5.0400E-1	7.3022E-1	5.0400E-1	-5.7000E+1
5.0412E-1	7.3022E-1	5.0412E-1	-4.6200E+2
5.0424E-1	7.2803E-1	5.0424E-1	1.7600E+2
5.0436E-1	7.2876E-1	5.0436E-1	9.6000E+1
5.0449E-1	7.2876E-1	5.0449E-1	1.5600E+2
5.0473E-1	7.2876E-1	5.0473E-1	-3.3200E+2
5.0485E-1	7.3145E-1	5.0485E-1	3.9300E+2
5.0497E-1	7.2754E-1	5.0497E-1	6.9000E+1
5.0510E-1	7.2827E-1	5.0510E-1	4.6300E+2
5.0522E-1	7.2729E-1	5.0522E-1	9.4000E+1
5.0546E-1	7.2681E-1	5.0546E-1	-7.9000E+1
5.0559E-1	7.2534E-1	5.0559E-1	-8.1000E+1
5.0571E-1	7.2681E-1	5.0571E-1	-2.1200E+2
5.0583E-1	7.2534E-1	5.0583E-1	6.8000E+1
5.0595E-1	7.2607E-1	5.0595E-1	8.3000E+1
5.0620E-1	7.2559E-1	5.0620E-1	-2.4300E+2
5.0632E-1	7.2461E-1	5.0632E-1	3.9300E+2
5.0644E-1	7.2388E-1	5.0644E-1	1.1200E+2
5.0656E-1	7.2363E-1	5.0656E-1	-2.4300E+2
5.0668E-1	7.2266E-1	5.0668E-1	-5.1600E+2
5.0693E-1	7.2363E-1	5.0693E-1	-3.8100E+2
5.0705E-1	7.2412E-1	5.0705E-1	-1.9900E+2
5.0717E-1	7.2314E-1	5.0717E-1	1.8100E+2
5.0729E-1	7.2412E-1	5.0729E-1	-5.5300E+2
5.0742E-1	7.2412E-1	5.0742E-1	-8.3300E+2
5.0766E-1	7.2388E-1	5.0766E-1	-3.8000E+2
5.0778E-1	7.2217E-1	5.0778E-1	-1.8500E+2
5.0790E-1	7.2510E-1	5.0790E-1	-1.6300E+2
5.0803E-1	7.2412E-1	5.0803E-1	-6.6400E+2
5.0815E-1	7.2412E-1	5.0815E-1	-3.5200E+2
5.0839E-1	7.2607E-1	5.0839E-1	-1.1800E+2
5.0851E-1	7.2339E-1	5.0851E-1	1.3800E+2
5.0864E-1	7.2437E-1	5.0864E-1	-1.4320E+3
5.0876E-1	7.2485E-1	5.0876E-1	-6.8600E+2
5.0888E-1	7.2461E-1	5.0888E-1	-3.6100E+2
5.0913E-1	7.2559E-1	5.0913E-1	1.2300E+2
5.0925E-1	7.2607E-1	5.0925E-1	-9.3700E+2
5.0937E-1	7.2485E-1	5.0937E-1	-3.8000E+2
5.0949E-1	7.2559E-1	5.0949E-1	-6.0000E+0
5.0961E-1	7.2754E-1	5.0961E-1	-5.6700E+2
5.0986E-1	7.2632E-1	5.0986E-1	-4.4300E+2
5.0998E-1	7.2803E-1	5.0998E-1	-5.8000E+2
5.1010E-1	7.2852E-1	5.1010E-1	-4.4000E+2
5.1022E-1	7.2949E-1	5.1022E-1	-8.0700E+2
5.1035E-1	7.3096E-1	5.1035E-1	-5.9800E+2
5.1059E-1	7.3218E-1	5.1059E-1	-7.0900E+2
5.1071E-1	7.3218E-1	5.1071E-1	-7.4500E+2
5.1083E-1	7.3193E-1	5.1083E-1	-7.0000E+2
5.1096E-1	7.3389E-1	5.1096E-1	-7.7800E+2
5.1108E-1	7.3267E-1	5.1108E-1	-1.7900E+2
5.1132E-1	7.3535E-1	5.1132E-1	-7.2700E+2
5.1144E-1	7.3657E-1	5.1144E-1	-4.0700E+2
5.1157E-1	7.3608E-1	5.1157E-1	-8.2600E+2
5.1169E-1	7.3633E-1	5.1169E-1	-1.0150E+3
5.1181E-1	7.3828E-1	5.1181E-1	-1.0800E+3
5.1206E-1	7.3877E-1	5.1206E-1	-3.1600E+2
5.1218E-1	7.3901E-1	5.1218E-1	-3.3800E+2
5.1230E-1	7.3999E-1	5.1230E-1	-3.7200E+2
5.1242E-1	7.3853E-1	5.1242E-1	-4.5000E+1
5.1254E-1	7.3755E-1	5.1254E-1	-6.3600E+2
5.1279E-1	7.3828E-1	5.1279E-1	1.7000E+1
5.1291E-1	7.3706E-1	5.1291E-1	1.0500E+2
5.1303E-1	7.3633E-1	5.1303E-1	1.4000E+1
5.1315E-1	7.3779E-1	5.1315E-1	9.9000E+1
5.1328E-1	7.3633E-1	5.1328E-1	2.8300E+2
5.1352E-1	7.3633E-1	5.1352E-1	3.0000E+0
5.1364E-1	7.3364E-1	5.1364E-1	1.0100E+2
5.1376E-1	7.3560E-1	5.1376E-1	-3.1400E+2
5.1389E-1	7.3438E-1	5.1389E-1	2.0900E+2
5.1401E-1	7.3462E-1	5.1401E-1	2.1900E+2
5.1425E-1	7.3364E-1	5.1425E-1	-8.3300E+2
5.1437E-1	7.3267E-1	5.1437E-1	-4.9000E+2
5.1450E-1	7.3242E-1	5.1450E-1	-5.1400E+2
5.1462E-1	7.3413E-1	5.1462E-1	-4.5000E+2
5.1474E-1	7.3413E-1	5.1474E-1	-6.6200E+2
5.1499E-1	7.3364E-1	5.1499E-1	-6.0500E+2
5.1511E-1	7.3267E-1	5.1511E-1	-3.3000E+2
5.1523E-1	7.3267E-1	5.1523E-1	-8.2400E+2
5.1535E-1	7.3486E-1	5.1535E-1	-3.2500E+2
5.1547E-1	7.3486E-1	5.1547E-1	-1.0570E+3
5.1560E-1	7.3486E-1	5.1560E-1	-5.2900E+2
5.1584E-1	7.3486E-1	5.1584E-1	-9.0600E+2
5.1596E-1	7.3608E-1	5.1596E-1	-6.2000E+2
5.1608E-1	7.3804E-1	5.1608E-1	-7.9100E+2
5.1621E-1	7.3682E-1	5.1621E-1	-1.3140E+3
5.1633E-1	7.3804E-1	5.1633E-1	-1.3900E+3
5.1657E-1	7.3999E-1	5.1657E-1	-8.2800E+2
5.1669E-1	7.3901E-1	5.1669E-1	-1.3330E+3
5.1682E-1	7.4292E-1	5.1682E-1	-1.3150E+3
5.1694E-1	7.4316E-1	5.1694E-1	-2.0290E+3
5.1706E-1	7.4316E-1	5.1706E-1	-1.4540E+3
5.1730E-1	7.4487E-1	5.1730E-1	-1.7560E+3
5.1743E-1	7.4683E-1	5.1743E-1	-1.7650E+3
5.1755E-1	7.4805E-1	5.1755E-1	-2.0800E+3
5.1767E-1	7.4854E-1	5.1767E-1	-2.1010E+3
5.1779E-1	7.5439E-1	5.1779E-1	-2.0930E+3
5.1804E-1	7.5610E-1	5.1804E-1	-2.6810E+3
5.1816E-1	7.5610E-1	5.1816E-1	-1.7360E+3
5.1828E-1	7.5830E-1	5.1828E-1	-1.7700E+3
5.1840E-1	7.6001E-1	5.1840E-1	-1.1440E+3
5.1853E-1	7.6196E-1	5.1853E-1	-5.7100E+2
5.1877E-1	7.6392E-1	5.1877E-1	-6.2400E+2
5.1889E-1	7.6270E-1	5.1889E-1	-9.7900E+2
5.1901E-1	7.6147E-1	5.1901E-1	-2.1000E+2
5.1914E-1	7.6416E-1	5.1914E-1	1.2300E+2
5.1926E-1	7.6147E-1	5.1926E-1	1.8700E+2
5.1950E-1	7.6050E-1	5.1950E-1	4.3800E+2
5.1962E-1	7.6001E-1	5.1962E-1	8.3100E+2
5.1975E-1	7.5732E-1	5.1975E-1	1.3190E+3
5.1987E-1	7.5391E-1	5.1987E-1	1.5510E+3
5.1999E-1	7.5269E-1	5.1999E-1	1.3560E+3
5.2023E-1	7.4976E-1	5.2023E-1	1.1120E+3
5.2036E-1	7.4780E-1	5.2036E-1	7.2600E+2
5.2048E-1	7.4609E-1	5.2048E-1	1.1320E+3
5.2060E-1	7.4512E-1	5.2060E-1	1.0500E+3
5.2072E-1	7.4536E-1	5.2072E-1	6.0700E+2
5.2097E-1	7.4365E-1	5.2097E-1	4.8000E+2
5.2109E-1	7.4243E-1	5.2109E-1	1.3910E+3
5.2121E-1	7.3853E-1	5.2121E-1	3.1900E+2
5.2133E-1	7.3926E-1	5.2133E-1	4.0700E+2
5.2146E-1	7.3828E-1	5.2146E-1	1.5400E+2
5.2170E-1	7.3730E-1	5.2170E-1	4.7000E+1
5.2182E-1	7.3511E-1	5.2182E-1	7.5500E+2
5.2194E-1	7.3462E-1	5.2194E-1	-8.8000E+1
5.2207E-1	7.3389E-1	5.2207E-1	-2.0300E+2
5.2219E-1	7.3364E-1	5.2219E-1	1.1800E+2
5.2231E-1	7.3267E-1	5.2231E-1	-1.7600E+2
5.2255E-1	7.3169E-1	5.2255E-1	-3.4800E+2
5.2268E-1	7.3267E-1	5.2268E-1	2.5400E+2
5.2280E-1	7.3242E-1	5.2280E-1	3.5800E+2
5.2292E-1	7.3315E-1	5.2292E-1	5.6700E+2
5.2304E-1	7.3169E-1	5.2304E-1	-2.7800E+2
5.2329E-1	7.2974E-1	5.2329E-1	-2.8300E+2
5.2341E-1	7.3218E-1	5.2341E-1	-2.1200E+2
5.2353E-1	7.3047E-1	5.2353E-1	5.0000E+1
5.2365E-1	7.2998E-1	5.2365E-1	-6.6300E+2
5.2377E-1	7.3047E-1	5.2377E-1	-7.4700E+2
5.2402E-1	7.2949E-1	5.2402E-1	-2.4300E+2
5.2414E-1	7.2925E-1	5.2414E-1	6.3000E+1
5.2426E-1	7.2827E-1	5.2426E-1	-1.9800E+2
5.2439E-1	7.2949E-1	5.2439E-1	-4.6100E+2
5.2451E-1	7.2876E-1	5.2451E-1	-6.4300E+2
5.2475E-1	7.2974E-1	5.2475E-1	-1.8500E+2
5.2487E-1	7.2925E-1	5.2487E-1	-6.3400E+2
5.2500E-1	7.2974E-1	5.2500E-1	2.4000E+2
5.2512E-1	7.3022E-1	5.2512E-1	-4.6300E+2
5.2524E-1	7.2925E-1	5.2524E-1	1.8100E+2
5.2548E-1	7.2900E-1	5.2548E-1	5.4000E+1
5.2561E-1	7.2900E-1	5.2561E-1	-5.3600E+2
5.2573E-1	7.2925E-1	5.2573E-1	-6.1500E+2
5.2585E-1	7.2681E-1	5.2585E-1	-2.9800E+2
5.2597E-1	7.2900E-1	5.2597E-1	-7.3000E+1
5.2622E-1	7.2827E-1	5.2622E-1	-3.3000E+2
5.2634E-1	7.2925E-1	5.2634E-1	-6.2000E+2
5.2646E-1	7.2925E-1	5.2646E-1	-2.4700E+2
5.2658E-1	7.2900E-1	5.2658E-1	-8.3500E+2
5.2670E-1	7.2583E-1	5.2670E-1	-9.1500E+2
5.2695E-1	7.2803E-1	5.2695E-1	-4.6500E+2
5.2707E-1	7.2852E-1	5.2707E-1	-3.9800E+2
5.2719E-1	7.2827E-1	5.2719E-1	-4.0600E+2
5.2731E-1	7.3022E-1	5.2731E-1	-8.4000E+2
5.2744E-1	7.2974E-1	5.2744E-1	-9.4900E+2
5.2768E-1	7.2900E-1	5.2768E-1	-3.0000E+1
5.2780E-1	7.2949E-1	5.2780E-1	-2.0300E+2
5.2793E-1	7.2949E-1	5.2793E-1	-4.7300E+2
5.2805E-1	7.2998E-1	5.2805E-1	-4.2100E+2
5.2817E-1	7.2949E-1	5.2817E-1	-5.4700E+2
5.2841E-1	7.3071E-1	5.2841E-1	-7.0400E+2
5.2854E-1	7.3145E-1	5.2854E-1	-3.5100E+2
5.2866E-1	7.3169E-1	5.2866E-1	-5.2700E+2
5.2878E-1	7.3022E-1	5.2878E-1	-9.9100E+2
5.2890E-1	7.3120E-1	5.2890E-1	-8.3300E+2
5.2915E-1	7.2998E-1	5.2915E-1	-9.5300E+2
5.2927E-1	7.3145E-1	5.2927E-1	-6.3100E+2
5.2939E-1	7.3242E-1	5.2939E-1	-6.0900E+2
5.2951E-1	7.3315E-1	5.2951E-1	-9.1500E+2
5.2963E-1	7.3145E-1	5.2963E-1	-9.7100E+2
5.2988E-1	7.3169E-1	5.2988E-1	-4.7100E+2
5.3000E-1	7.3389E-1	5.3000E-1	-7.0200E+2
5.3012E-1	7.3413E-1	5.3012E-1	-3.3000E+1
5.3024E-1	7.3584E-1	5.3024E-1	-1.2330E+3
5.3037E-1	7.3389E-1	5.3037E-1	-9.9200E+2
5.3049E-1	7.3364E-1	5.3049E-1	-7.1300E+2
5.3073E-1	7.3560E-1	5.3073E-1	-7.8700E+2
5.3086E-1	7.3657E-1	5.3086E-1	-8.1300E+2
5.3098E-1	7.3706E-1	5.3098E-1	-3.3800E+2
5.3110E-1	7.3706E-1	5.3110E-1	-1.0900E+3
5.3122E-1	7.3975E-1	5.3122E-1	-1.5290E+3
5.3147E-1	7.3804E-1	5.3147E-1	-6.5100E+2
5.3159E-1	7.4121E-1	5.3159E-1	-1.3940E+3
5.3171E-1	7.4219E-1	5.3171E-1	-1.3030E+3
5.3183E-1	7.4121E-1	5.3183E-1	-1.1860E+3
5.3195E-1	7.4438E-1	5.3195E-1	-1.4800E+3
5.3220E-1	7.4609E-1	5.3220E-1	-1.4430E+3
5.3232E-1	7.4585E-1	5.3232E-1	-1.5850E+3
5.3244E-1	7.4878E-1	5.3244E-1	-1.8760E+3
5.3256E-1	7.4829E-1	5.3256E-1	-1.2850E+3
5.3269E-1	7.5171E-1	5.3269E-1	-1.8090E+3
5.3293E-1	7.5024E-1	5.3293E-1	-1.5480E+3
5.3305E-1	7.5244E-1	5.3305E-1	-8.7500E+2
5.3317E-1	7.5049E-1	5.3317E-1	-8.9000E+2
5.3330E-1	7.5415E-1	5.3330E-1	-3.4500E+2
5.3342E-1	7.5122E-1	5.3342E-1	-8.0700E+2
5.3366E-1	7.5122E-1	5.3366E-1	1.4500E+2
5.3379E-1	7.5146E-1	5.3379E-1	5.2400E+2
5.3391E-1	7.4951E-1	5.3391E-1	2.6500E+2
5.3403E-1	7.4976E-1	5.3403E-1	6.6600E+2
5.3415E-1	7.4951E-1	5.3415E-1	1.0310E+3
5.3440E-1	7.4829E-1	5.3440E-1	5.7000E+1
5.3452E-1	7.4731E-1	5.3452E-1	9.5100E+2
5.3464E-1	7.4854E-1	5.3464E-1	8.7500E+2
5.3476E-1	7.4683E-1	5.3476E-1	-1.5700E+2
5.3488E-1	7.4414E-1	5.3488E-1	7.0400E+2
5.3513E-1	7.4585E-1	5.3513E-1	6.8900E+2
5.3525E-1	7.4512E-1	5.3525E-1	1.0820E+3
5.3537E-1	7.4438E-1	5.3537E-1	1.2500E+2
5.3549E-1	7.4316E-1	5.3549E-1	-8.0000E+0
5.3562E-1	7.4121E-1	5.3562E-1	-8.3000E+1
5.3586E-1	7.4268E-1	5.3586E-1	1.9800E+2
5.3598E-1	7.4219E-1	5.3598E-1	8.0800E+2
5.3610E-1	7.4121E-1	5.3610E-1	-5.9000E+1
5.3623E-1	7.4146E-1	5.3623E-1	-2.2600E+2
5.3635E-1	7.4072E-1	5.3635E-1	-9.7000E+1
5.3659E-1	7.3950E-1	5.3659E-1	-6.1300E+2
5.3671E-1	7.4121E-1	5.3671E-1	3.9600E+2
5.3684E-1	7.4023E-1	5.3684E-1	-3.5000E+1
5.3696E-1	7.3901E-1	5.3696E-1	-1.5900E+2
5.3708E-1	7.3804E-1	5.3708E-1	-2.1000E+1
5.3733E-1	7.4023E-1	5.3733E-1	-4.9400E+2
5.3745E-1	7.3926E-1	5.3745E-1	-5.5400E+2
5.3757E-1	7.3975E-1	5.3757E-1	-3.0000E+1
5.3769E-1	7.4023E-1	5.3769E-1	3.0000E+1
5.3781E-1	7.3950E-1	5.3781E-1	-3.7900E+2
5.3806E-1	7.4243E-1	5.3806E-1	1.7000E+1
5.3818E-1	7.3975E-1	5.3818E-1	-6.2200E+2
5.3830E-1	7.3926E-1	5.3830E-1	-2.5400E+2
5.3842E-1	7.3975E-1	5.3842E-1	-3.7400E+2
5.3855E-1	7.3901E-1	5.3855E-1	-7.0500E+2
5.3879E-1	7.4023E-1	5.3879E-1	-6.8700E+2
5.3891E-1	7.3926E-1	5.3891E-1	-4.4700E+2
5.3903E-1	7.3804E-1	5.3903E-1	-5.1400E+2
5.3916E-1	7.3828E-1	5.3916E-1	-2.3500E+2
5.3928E-1	7.4121E-1	5.3928E-1	-4.3400E+2
5.3952E-1	7.3877E-1	5.3952E-1	-3.1600E+2
5.3964E-1	7.3901E-1	5.3964E-1	-4.6500E+2
5.3977E-1	7.3975E-1	5.3977E-1	-9.0700E+2
5.3989E-1	7.3853E-1	5.3989E-1	-5.0500E+2
5.4001E-1	7.3926E-1	5.4001E-1	-8.3000E+1
5.4026E-1	7.3999E-1	5.4026E-1	-5.2900E+2
5.4038E-1	7.4097E-1	5.4038E-1	-1.1800E+2
5.4050E-1	7.3999E-1	5.4050E-1	-5.5600E+2
5.4062E-1	7.3950E-1	5.4062E-1	-2.2300E+2
5.4074E-1	7.3999E-1	5.4074E-1	-1.1220E+3
5.4099E-1	7.3853E-1	5.4099E-1	-4.7300E+2
5.4111E-1	7.4268E-1	5.4111E-1	-7.9400E+2
5.4123E-1	7.3999E-1	5.4123E-1	-7.7800E+2
5.4135E-1	7.4097E-1	5.4135E-1	-1.2820E+3
5.4148E-1	7.4097E-1	5.4148E-1	-1.1200E+2
5.4172E-1	7.4072E-1	5.4172E-1	-8.5600E+2
5.4184E-1	7.4097E-1	5.4184E-1	-3.9600E+2
5.4196E-1	7.4194E-1	5.4196E-1	-2.2100E+2
5.4209E-1	7.4023E-1	5.4209E-1	-1.0800E+2
5.4221E-1	7.4194E-1	5.4221E-1	-7.5300E+2
5.4245E-1	7.4072E-1	5.4245E-1	-8.4600E+2
5.4257E-1	7.4219E-1	5.4257E-1	-2.4800E+2
5.4270E-1	7.4146E-1	5.4270E-1	-8.4700E+2
5.4282E-1	7.4268E-1	5.4282E-1	-5.4500E+2
5.4294E-1	7.4341E-1	5.4294E-1	-1.3900E+2
5.4319E-1	7.4243E-1	5.4319E-1	-7.6400E+2
5.4331E-1	7.4194E-1	5.4331E-1	-5.5000E+2
5.4343E-1	7.4414E-1	5.4343E-1	-5.5200E+2
5.4355E-1	7.4194E-1	5.4355E-1	-8.0400E+2
5.4367E-1	7.4341E-1	5.4367E-1	-6.7500E+2
5.4392E-1	7.4268E-1	5.4392E-1	-3.6700E+2
5.4404E-1	7.4414E-1	5.4404E-1	-6.9600E+2
5.4416E-1	7.4414E-1	5.4416E-1	-6.2300E+2
5.4428E-1	7.4463E-1	5.4428E-1	-9.1100E+2
5.4441E-1	7.4341E-1	5.4441E-1	-7.6400E+2
5.4453E-1	7.4390E-1	5.4453E-1	-6.0400E+2
5.4477E-1	7.4438E-1	5.4477E-1	-9.4100E+2
5.4489E-1	7.4365E-1	5.4489E-1	-7.5200E+2
5.4502E-1	7.4512E-1	5.4502E-1	-3.1800E+2
5.4514E-1	7.4634E-1	5.4514E-1	-6.7300E+2
5.4526E-1	7.4658E-1	5.4526E-1	-3.9400E+2
5.4550E-1	7.4683E-1	5.4550E-1	-4.0000E+2
5.4563E-1	7.4707E-1	5.4563E-1	-6.7500E+2
5.4575E-1	7.4683E-1	5.4575E-1	-5.6000E+2
5.4587E-1	7.4634E-1	5.4587E-1	-9.0000E+2
5.4599E-1	7.4658E-1	5.4599E-1	-2.6500E+2
5.4624E-1	7.4634E-1	5.4624E-1	-5.0300E+2
5.4636E-1	7.4487E-1	5.4636E-1	-1.3270E+3
5.4648E-1	7.4487E-1	5.4648E-1	-2.8000E+2
5.4660E-1	7.4951E-1	5.4660E-1	-5.5000E+2
5.4673E-1	7.4780E-1	5.4673E-1	-6.5100E+2
5.4697E-1	7.4902E-1	5.4697E-1	-6.5100E+2
5.4709E-1	7.4878E-1	5.4709E-1	7.3000E+1
5.4721E-1	7.4658E-1	5.4721E-1	-8.2600E+2
5.4734E-1	7.4805E-1	5.4734E-1	-5.8600E+2
5.4746E-1	7.4927E-1	5.4746E-1	-7.0400E+2
5.4770E-1	7.4927E-1	5.4770E-1	-3.6700E+2
5.4782E-1	7.5024E-1	5.4782E-1	-9.0200E+2
5.4795E-1	7.4902E-1	5.4795E-1	-9.4800E+2
5.4807E-1	7.5000E-1	5.4807E-1	-4.7300E+2
5.4819E-1	7.4927E-1	5.4819E-1	-6.6800E+2
5.4843E-1	7.4976E-1	5.4843E-1	-8.7500E+2
5.4856E-1	7.5000E-1	5.4856E-1	-4.1600E+2
5.4868E-1	7.4951E-1	5.4868E-1	-7.6200E+2
5.4880E-1	7.5195E-1	5.4880E-1	-2.2300E+2
5.4892E-1	7.5073E-1	5.4892E-1	-4.9600E+2
5.4917E-1	7.5000E-1	5.4917E-1	-5.9100E+2
5.4929E-1	7.5122E-1	5.4929E-1	-4.5800E+2
5.4941E-1	7.5171E-1	5.4941E-1	-6.8000E+2
5.4953E-1	7.5049E-1	5.4953E-1	-9.4200E+2
5.4966E-1	7.5244E-1	5.4966E-1	-7.6000E+2
5.4990E-1	7.5391E-1	5.4990E-1	-1.1260E+3
5.5002E-1	7.5146E-1	5.5002E-1	-2.0300E+2
5.5014E-1	7.5244E-1	5.5014E-1	-8.2400E+2
5.5027E-1	7.5317E-1	5.5027E-1	-3.7800E+2
5.5039E-1	7.5195E-1	5.5039E-1	-5.6000E+2
5.5063E-1	7.5220E-1	5.5063E-1	3.8000E+1
5.5075E-1	7.5195E-1	5.5075E-1	-1.0860E+3
5.5088E-1	7.5366E-1	5.5088E-1	-3.1000E+2
5.5100E-1	7.5317E-1	5.5100E-1	-6.0000E+2
5.5112E-1	7.5366E-1	5.5112E-1	-6.7100E+2
5.5136E-1	7.5342E-1	5.5136E-1	-8.4200E+2
5.5149E-1	7.5415E-1	5.5149E-1	-1.0950E+3
5.5161E-1	7.5464E-1	5.5161E-1	-3.2700E+2
5.5173E-1	7.5342E-1	5.5173E-1	-5.1300E+2
5.5185E-1	7.5464E-1	5.5185E-1	-5.4500E+2
5.5210E-1	7.5732E-1	5.5210E-1	-1.9000E+2
5.5222E-1	7.5562E-1	5.5222E-1	-8.4200E+2
5.5234E-1	7.5708E-1	5.5234E-1	-4.3100E+2
5.5246E-1	7.5610E-1	5.5246E-1	-5.1300E+2
5.5258E-1	7.5757E-1	5.5258E-1	-2.7900E+2
5.5271E-1	7.5830E-1	5.5271E-1	-7.1600E+2
5.5295E-1	7.5781E-1	5.5295E-1	-3.5300E+2
5.5307E-1	7.5806E-1	5.5307E-1	-4.3700E+2
5.5320E-1	7.5781E-1	5.5320E-1	5.9000E+1
5.5332E-1	7.5806E-1	5.5332E-1	-7.8600E+2
5.5344E-1	7.5806E-1	5.5344E-1	-6.8400E+2
5.5368E-1	7.5781E-1	5.5368E-1	-7.6400E+2
5.5381E-1	7.5928E-1	5.5381E-1	-8.3900E+2
5.5393E-1	7.5903E-1	5.5393E-1	6.1000E+1
5.5405E-1	7.5952E-1	5.5405E-1	-1.0790E+3
5.5417E-1	7.6050E-1	5.5417E-1	-1.0190E+3
5.5442E-1	7.6001E-1	5.5442E-1	-7.9100E+2
5.5454E-1	7.6025E-1	5.5454E-1	-1.0550E+3
5.5466E-1	7.6001E-1	5.5466E-1	-6.7600E+2
5.5478E-1	7.5977E-1	5.5478E-1	-1.1970E+3
5.5490E-1	7.6123E-1	5.5490E-1	-3.5800E+2
5.5515E-1	7.6074E-1	5.5515E-1	-6.3300E+2
5.5527E-1	7.6025E-1	5.5527E-1	-6.8000E+2
5.5539E-1	7.6123E-1	5.5539E-1	-5.6700E+2
5.5551E-1	7.6099E-1	5.5551E-1	-3.5600E+2
5.5564E-1	7.6147E-1	5.5564E-1	-4.9200E+2
5.5588E-1	7.6343E-1	5.5588E-1	-4.0100E+2
5.5600E-1	7.6221E-1	5.5600E-1	3.0000E+0
5.5613E-1	7.6172E-1	5.5613E-1	-8.8900E+2
5.5625E-1	7.6147E-1	5.5625E-1	-1.0210E+3
5.5637E-1	7.6367E-1	5.5637E-1	-8.3700E+2
5.5661E-1	7.6294E-1	5.5661E-1	-1.0150E+3
5.5674E-1	7.6392E-1	5.5674E-1	-1.2210E+3
5.5686E-1	7.6318E-1	5.5686E-1	-8.6900E+2
5.5698E-1	7.6465E-1	5.5698E-1	-1.4040E+3
5.5710E-1	7.6392E-1	5.5710E-1	-9.7100E+2
5.5735E-1	7.6392E-1	5.5735E-1	-4.7000E+2
5.5747E-1	7.6538E-1	5.5747E-1	-3.6100E+2
5.5759E-1	7.6489E-1	5.5759E-1	-7.6200E+2
5.5771E-1	7.6587E-1	5.5771E-1	-4.9400E+2
5.5783E-1	7.6489E-1	5.5783E-1	-7.6200E+2
5.5808E-1	7.6611E-1	5.5808E-1	-1.0150E+3
5.5820E-1	7.6465E-1	5.5820E-1	-2.6300E+2
5.5832E-1	7.6611E-1	5.5832E-1	-2.9600E+2
5.5844E-1	7.6636E-1	5.5844E-1	-3.9700E+2
5.5857E-1	7.6709E-1	5.5857E-1	-1.1370E+3
5.5869E-1	7.6782E-1	5.5869E-1	-1.5500E+3
5.5893E-1	7.6880E-1	5.5893E-1	-3.5800E+2
5.5906E-1	7.6733E-1	5.5906E-1	-1.0430E+3
5.5918E-1	7.6782E-1	5.5918E-1	-6.4200E+2
5.5930E-1	7.6978E-1	5.5930E-1	-2.9200E+2
5.5942E-1	7.6855E-1	5.5942E-1	-5.5400E+2
5.5967E-1	7.7075E-1	5.5967E-1	-1.8700E+2
5.5979E-1	7.6782E-1	5.5979E-1	-5.8700E+2
5.5991E-1	7.6855E-1	5.5991E-1	-3.4100E+2
5.6003E-1	7.7051E-1	5.6003E-1	-1.5000E+2
5.6015E-1	7.6904E-1	5.6015E-1	-5.2000E+2
5.6040E-1	7.7051E-1	5.6040E-1	-1.0670E+3
5.6052E-1	7.7173E-1	5.6052E-1	-4.9400E+2
5.6064E-1	7.7002E-1	5.6064E-1	-4.8000E+2
5.6076E-1	7.7051E-1	5.6076E-1	-8.7300E+2
5.6089E-1	7.7051E-1	5.6089E-1	-3.2000E+2
5.6113E-1	7.7197E-1	5.6113E-1	-1.8500E+2
5.6125E-1	7.7197E-1	5.6125E-1	1.2000E+1
5.6137E-1	7.7197E-1	5.6137E-1	-5.0000E+1
5.6150E-1	7.7246E-1	5.6150E-1	-1.0020E+3
5.6162E-1	7.7368E-1	5.6162E-1	-6.3800E+2
5.6186E-1	7.7393E-1	5.6186E-1	-1.1710E+3
5.6198E-1	7.7295E-1	5.6198E-1	-8.7100E+2
5.6211E-1	7.7319E-1	5.6211E-1	-7.9800E+2
5.6223E-1	7.7319E-1	5.6223E-1	-5.8200E+2
5.6235E-1	7.7637E-1	5.6235E-1	-6.5800E+2
5.6260E-1	7.7563E-1	5.6260E-1	-8.7900E+2
5.6272E-1	7.7393E-1	5.6272E-1	-7.8400E+2
5.6284E-1	7.7490E-1	5.6284E-1	-3.6700E+2
5.6296E-1	7.7441E-1	5.6296E-1	-7.7500E+2
5.6308E-1	7.7515E-1	5.6308E-1	-8.9500E+2
5.6333E-1	7.7637E-1	5.6333E-1	-2.7400E+2
5.6345E-1	7.7686E-1	5.6345E-1	-4.7500E+2
5.6357E-1	7.7612E-1	5.6357E-1	-8.1800E+2
5.6369E-1	7.7710E-1	5.6369E-1	-7.5300E+2
5.6382E-1	7.7759E-1	5.6382E-1	-5.2700E+2
5.6406E-1	7.7808E-1	5.6406E-1	-1.8500E+2
5.6418E-1	7.7539E-1	5.6418E-1	-3.7800E+2
5.6430E-1	7.7905E-1	5.6430E-1	-3.5600E+2
5.6443E-1	7.7759E-1	5.6443E-1	-6.9500E+2
5.6455E-1	7.7783E-1	5.6455E-1	-3.1600E+2
5.6479E-1	7.7954E-1	5.6479E-1	-8.3200E+2
5.6491E-1	7.7954E-1	5.6491E-1	-1.0410E+3
5.6504E-1	7.7783E-1	5.6504E-1	-8.6200E+2
5.6516E-1	7.8198E-1	5.6516E-1	-4.7200E+2
5.6528E-1	7.8003E-1	5.6528E-1	-9.4400E+2
5.6553E-1	7.8027E-1	5.6553E-1	-4.2700E+2
5.6565E-1	7.8027E-1	5.6565E-1	-5.4200E+2
5.6577E-1	7.8076E-1	5.6577E-1	-4.8000E+2
5.6589E-1	7.8027E-1	5.6589E-1	-5.6500E+2
5.6601E-1	7.8125E-1	5.6601E-1	-9.5700E+2
5.6626E-1	7.8101E-1	5.6626E-1	-4.8100E+2
5.6638E-1	7.8125E-1	5.6638E-1	-1.0290E+3
5.6650E-1	7.8296E-1	5.6650E-1	-8.2200E+2
5.6662E-1	7.8296E-1	5.6662E-1	-5.2700E+2
5.6675E-1	7.8247E-1	5.6675E-1	-9.3600E+2
5.6699E-1	7.8418E-1	5.6699E-1	-1.6080E+3
5.6711E-1	7.8271E-1	5.6711E-1	-8.6200E+2
5.6723E-1	7.8247E-1	5.6723E-1	-6.3800E+2
5.6736E-1	7.8540E-1	5.6736E-1	-1.1470E+3
5.6748E-1	7.8442E-1	5.6748E-1	-4.5600E+2
5.6772E-1	7.8418E-1	5.6772E-1	-7.0400E+2
5.6784E-1	7.8491E-1	5.6784E-1	-1.0570E+3
5.6797E-1	7.8442E-1	5.6797E-1	-2.9600E+2
5.6809E-1	7.8418E-1	5.6809E-1	-3.7000E+2
5.6821E-1	7.8442E-1	5.6821E-1	-5.2000E+2
5.6846E-1	7.8491E-1	5.6846E-1	-5.9800E+2
5.6858E-1	7.8589E-1	5.6858E-1	-7.9400E+2
5.6870E-1	7.8638E-1	5.6870E-1	-8.9300E+2
5.6882E-1	7.8589E-1	5.6882E-1	-3.5200E+2
5.6894E-1	7.8687E-1	5.6894E-1	-6.0200E+2
5.6919E-1	7.8857E-1	5.6919E-1	-1.1020E+3
5.6931E-1	7.8662E-1	5.6931E-1	-5.1400E+2
5.6943E-1	7.8882E-1	5.6943E-1	-3.6100E+2
5.6955E-1	7.8833E-1	5.6955E-1	-6.3100E+2
5.6968E-1	7.8760E-1	5.6968E-1	-7.0000E+2
5.6992E-1	7.8906E-1	5.6992E-1	-1.0370E+3
5.7004E-1	7.8979E-1	5.7004E-1	-7.6000E+2
5.7016E-1	7.8931E-1	5.7016E-1	-8.9300E+2
5.7029E-1	7.8931E-1	5.7029E-1	-6.1100E+2
5.7041E-1	7.8833E-1	5.7041E-1	-4.1000E+2
5.7065E-1	7.8882E-1	5.7065E-1	-7.7000E+1
5.7077E-1	7.8931E-1	5.7077E-1	-3.8300E+2
5.7090E-1	7.8931E-1	5.7090E-1	-5.4200E+2
5.7102E-1	7.8955E-1	5.7102E-1	-3.8100E+2
5.7114E-1	7.9102E-1	5.7114E-1	-1.0480E+3
5.7138E-1	7.9028E-1	5.7138E-1	-3.6500E+2
5.7151E-1	7.8931E-1	5.7151E-1	-6.3800E+2
5.7163E-1	7.8955E-1	5.7163E-1	-4.9600E+2
5.7175E-1	7.9150E-1	5.7175E-1	-8.8600E+2
5.7187E-1	7.8882E-1	5.7187E-1	-3.2500E+2
5.7200E-1	7.9199E-1	5.7200E-1	-4.4100E+2
5.7224E-1	7.9175E-1	5.7224E-1	-5.9600E+2
5.7236E-1	7.9248E-1	5.7236E-1	-5.0900E+2
5.7248E-1	7.9346E-1	5.7248E-1	-2.3200E+2
5.7261E-1	7.9224E-1	5.7261E-1	-1.1060E+3
5.7273E-1	7.9248E-1	5.7273E-1	-5.4200E+2
5.7297E-1	7.9346E-1	5.7297E-1	-1.0530E+3
5.7309E-1	7.9468E-1	5.7309E-1	-9.1900E+2
5.7322E-1	7.9468E-1	5.7322E-1	-5.6700E+2
5.7334E-1	7.9370E-1	5.7334E-1	-7.0700E+2
5.7346E-1	7.9419E-1	5.7346E-1	-6.3100E+2
5.7370E-1	7.9370E-1	5.7370E-1	-9.4200E+2
5.7383E-1	7.9272E-1	5.7383E-1	-4.1600E+2
5.7395E-1	7.9492E-1	5.7395E-1	-1.2500E+2
5.7407E-1	7.9443E-1	5.7407E-1	-8.2000E+2
5.7419E-1	7.9590E-1	5.7419E-1	-7.6000E+2
5.7444E-1	7.9590E-1	5.7444E-1	-1.3640E+3
5.7456E-1	7.9541E-1	5.7456E-1	-8.8400E+2
5.7468E-1	7.9688E-1	5.7468E-1	-5.5800E+2
5.7480E-1	7.9785E-1	5.7480E-1	-4.4800E+2
5.7493E-1	7.9785E-1	5.7493E-1	-8.5300E+2
5.7517E-1	7.9736E-1	5.7517E-1	-5.0000E+2
5.7529E-1	7.9712E-1	5.7529E-1	-1.0020E+3
5.7541E-1	7.9736E-1	5.7541E-1	-6.8200E+2
5.7554E-1	7.9834E-1	5.7554E-1	-9.7100E+2
5.7566E-1	7.9663E-1	5.7566E-1	-1.2750E+3
5.7590E-1	7.9883E-1	5.7590E-1	-8.1600E+2
5.7602E-1	7.9956E-1	5.7602E-1	1.0700E+2
5.7615E-1	7.9883E-1	5.7615E-1	-4.3800E+2
5.7627E-1	7.9736E-1	5.7627E-1	-1.0260E+3
5.7639E-1	8.0127E-1	5.7639E-1	-5.3800E+2
5.7663E-1	7.9834E-1	5.7663E-1	-7.8200E+2
5.7676E-1	8.0078E-1	5.7676E-1	-6.6000E+2
5.7688E-1	8.0005E-1	5.7688E-1	-1.3700E+2
5.7700E-1	8.0103E-1	5.7700E-1	-3.1800E+2
5.7712E-1	8.0005E-1	5.7712E-1	-5.3200E+2
5.7737E-1	8.0103E-1	5.7737E-1	-8.1700E+2
5.7749E-1	8.0176E-1	5.7749E-1	-8.5500E+2
5.7761E-1	7.9980E-1	5.7761E-1	-3.0500E+2
5.7773E-1	8.0200E-1	5.7773E-1	-6.1800E+2
5.7786E-1	8.0151E-1	5.7786E-1	-9.7700E+2
5.7810E-1	8.0103E-1	5.7810E-1	-7.4700E+2
5.7822E-1	8.0225E-1	5.7822E-1	-9.7300E+2
5.7834E-1	8.0249E-1	5.7834E-1	-7.5700E+2
5.7847E-1	8.0249E-1	5.7847E-1	-1.0420E+3
5.7859E-1	8.0249E-1	5.7859E-1	-7.2100E+2
5.7883E-1	8.0347E-1	5.7883E-1	-3.6500E+2
5.7895E-1	8.0298E-1	5.7895E-1	-5.2900E+2
5.7908E-1	8.0371E-1	5.7908E-1	3.0000E+2
5.7920E-1	8.0298E-1	5.7920E-1	-1.1370E+3
5.7932E-1	8.0347E-1	5.7932E-1	-1.2210E+3
5.7956E-1	8.0518E-1	5.7956E-1	-1.0050E+3
5.7969E-1	8.0347E-1	5.7969E-1	-3.0700E+2
5.7981E-1	8.0640E-1	5.7981E-1	-3.8500E+2
5.7993E-1	8.0566E-1	5.7993E-1	-8.9900E+2
5.8005E-1	8.0493E-1	5.8005E-1	-6.4000E+2
5.8030E-1	8.0542E-1	5.8030E-1	-1.3020E+3
5.8042E-1	8.0420E-1	5.8042E-1	-8.6800E+2
5.8054E-1	8.0615E-1	5.8054E-1	-7.7300E+2
5.8066E-1	8.0518E-1	5.8066E-1	-2.2700E+2
5.8078E-1	8.0542E-1	5.8078E-1	-7.9600E+2
5.8103E-1	8.0469E-1	5.8103E-1	-4.4300E+2
5.8115E-1	8.0713E-1	5.8115E-1	-3.2100E+2
5.8127E-1	8.0737E-1	5.8127E-1	-1.0500E+3
5.8140E-1	8.0615E-1	5.8140E-1	-5.6700E+2
5.8152E-1	8.0762E-1	5.8152E-1	1.5000E+1
5.8176E-1	8.0737E-1	5.8176E-1	-5.9300E+2
5.8188E-1	8.0566E-1	5.8188E-1	-7.0000E+1
5.8201E-1	8.0713E-1	5.8201E-1	-1.2500E+2
5.8213E-1	8.0908E-1	5.8213E-1	-5.4700E+2
5.8225E-1	8.0737E-1	5.8225E-1	-6.0700E+2
5.8249E-1	8.0859E-1	5.8249E-1	-7.4200E+2
5.8262E-1	8.0688E-1	5.8262E-1	-7.1600E+2
5.8274E-1	8.0640E-1	5.8274E-1	-8.3800E+2
5.8286E-1	8.0957E-1	5.8286E-1	-8.6400E+2
5.8298E-1	8.0737E-1	5.8298E-1	-7.7800E+2
5.8310E-1	8.0884E-1	5.8310E-1	-8.4000E+1
5.8335E-1	8.1104E-1	5.8335E-1	-7.6600E+2
5.8347E-1	8.1152E-1	5.8347E-1	-6.7100E+2
5.8359E-1	8.0811E-1	5.8359E-1	-3.8900E+2
5.8371E-1	8.1177E-1	5.8371E-1	-4.3600E+2
5.8384E-1	8.1055E-1	5.8384E-1	-7.9600E+2
5.8408E-1	8.1006E-1	5.8408E-1	-6.7600E+2
5.8420E-1	8.1030E-1	5.8420E-1	-4.8700E+2
5.8433E-1	8.1128E-1	5.8433E-1	-6.6200E+2
5.8445E-1	8.1006E-1	5.8445E-1	-8.7100E+2
5.8457E-1	8.1250E-1	5.8457E-1	-5.6300E+2
5.8481E-1	8.1226E-1	5.8481E-1	-8.9300E+2
5.8494E-1	8.1226E-1	5.8494E-1	-8.8400E+2
5.8506E-1	8.1226E-1	5.8506E-1	-8.9500E+2
5.8518E-1	8.1201E-1	5.8518E-1	-9.3800E+2
5.8530E-1	8.1079E-1	5.8530E-1	-5.7100E+2
5.8555E-1	8.1274E-1	5.8555E-1	-8.7500E+2
5.8567E-1	8.1396E-1	5.8567E-1	-6.1300E+2
5.8579E-1	8.1372E-1	5.8579E-1	-7.5100E+2
5.8591E-1	8.1641E-1	5.8591E-1	-8.9500E+2
5.8603E-1	8.1250E-1	5.8603E-1	-6.6600E+2
5.8628E-1	8.1421E-1	5.8628E-1	-5.9100E+2
5.8640E-1	8.1323E-1	5.8640E-1	3.4000E+1
5.8652E-1	8.1470E-1	5.8652E-1	1.3400E+2
5.8664E-1	8.1543E-1	5.8664E-1	-7.6200E+2
5.8677E-1	8.1372E-1	5.8677E-1	-3.4900E+2
5.8701E-1	8.1445E-1	5.8701E-1	-3.7200E+2
5.8713E-1	8.1592E-1	5.8713E-1	-5.9600E+2
5.8726E-1	8.1689E-1	5.8726E-1	-1.7400E+2
5.8738E-1	8.1592E-1	5.8738E-1	-6.6800E+2
5.8750E-1	8.1592E-1	5.8750E-1	2.1700E+2
5.8762E-1	8.1665E-1	5.8762E-1	-7.6200E+2
5.8787E-1	8.1519E-1	5.8787E-1	-9.0200E+2
5.8799E-1	8.1641E-1	5.8799E-1	-6.4000E+2
